0.5 28145
8.5 1
11.5 3
14.5 3
15.5 1
16.5 2
17.5 3
18.5 4
19.5 11
20.5 23
21.5 21
22.5 19
23.5 25
24.5 21
25.5 19
26.5 12
27.5 22
28.5 30
29.5 21
30.5 13
31.5 13
32.5 23
33.5 9
34.5 18
35.5 15
36.5 32
37.5 30
38.5 15
39.5 26
40.5 28
41.5 24
42.5 22
43.5 20
44.5 20
45.5 15
46.5 15
47.5 8
48.5 14
49.5 14
50.5 3
51.5 9
52.5 12
53.5 17
54.5 16
55.5 17
56.5 16
57.5 18
58.5 16
59.5 17
60.5 23
61.5 15
62.5 21
63.5 18
64.5 28
65.5 30
66.5 40
67.5 35
68.5 37
69.5 41
70.5 46
71.5 46
72.5 37
73.5 36
74.5 25
75.5 34
76.5 34
77.5 25
78.5 20
79.5 12
80.5 22
81.5 9
82.5 12
83.5 15
84.5 9
85.5 14
86.5 12
87.5 9
88.5 12
89.5 15
90.5 13
91.5 13
92.5 4
93.5 2
94.5 11
95.5 10
96.5 7
97.5 10
98.5 18
99.5 11
100.5 11
101.5 8
102.5 9
103.5 11
104.5 13
105.5 14
106.5 12
107.5 21
108.5 9
109.5 11
110.5 19
111.5 11
112.5 22
113.5 12
114.5 10
115.5 8
116.5 6
117.5 13
118.5 9
119.5 14
120.5 17
121.5 16
122.5 9
123.5 9
124.5 11
125.5 16
126.5 16
127.5 16
128.5 15
129.5 13
130.5 14
131.5 16
132.5 23
133.5 10
134.5 18
135.5 20
136.5 13
137.5 11
138.5 19
139.5 17
140.5 10
141.5 14
142.5 18
143.5 14
144.5 13
145.5 12
146.5 21
147.5 12
148.5 21
149.5 16
150.5 18
151.5 20
152.5 24
153.5 15
154.5 17
155.5 22
156.5 12
157.5 24
158.5 16
159.5 15
160.5 20
161.5 17
162.5 29
163.5 31
164.5 41
165.5 42
166.5 47
167.5 49
168.5 42
169.5 53
170.5 49
171.5 57
172.5 52
173.5 52
174.5 48
175.5 26
176.5 21
177.5 20
178.5 16
179.5 16
180.5 8
181.5 6
182.5 3
183.5 6
184.5 4
185.5 12
186.5 9
187.5 9
188.5 5
189.5 8
190.5 11
191.5 9
192.5 7
193.5 9
194.5 15
195.5 18
196.5 12
197.5 14
198.5 9
199.5 17
200.5 15
201.5 7
202.5 10
203.5 15
204.5 10
205.5 3
206.5 13
207.5 16
208.5 6
209.5 9
210.5 6
211.5 9
212.5 18
213.5 10
214.5 14
215.5 17
216.5 20
217.5 29
218.5 21
219.5 21
220.5 31
221.5 31
222.5 29
223.5 25
224.5 31
225.5 38
226.5 41
227.5 31
228.5 31
229.5 40
230.5 29
231.5 25
232.5 26
233.5 25
234.5 22
235.5 22
236.5 20
237.5 29
238.5 31
239.5 31
240.5 32
241.5 31
242.5 23
243.5 19
244.5 31
245.5 21
246.5 32
247.5 25
248.5 37
249.5 32
250.5 33
251.5 34
252.5 30
253.5 34
254.5 38
255.5 38
256.5 33
257.5 29
258.5 33
259.5 35
260.5 30
261.5 31
262.5 37
263.5 29
264.5 38
265.5 39
266.5 36
267.5 35
268.5 22
269.5 30
270.5 37
271.5 23
272.5 34
273.5 24
274.5 38
275.5 24
276.5 34
277.5 20
278.5 24
279.5 23
280.5 32
281.5 34
282.5 32
283.5 29
284.5 34
285.5 30
286.5 26
287.5 23
288.5 37
289.5 15
290.5 19
291.5 26
292.5 18
293.5 18
294.5 19
295.5 15
296.5 22
297.5 28
298.5 16
299.5 23
300.5 24
301.5 15
302.5 12
303.5 18
304.5 15
305.5 20
306.5 15
307.5 14
308.5 20
309.5 11
310.5 21
311.5 22
312.5 16
313.5 19
314.5 21
315.5 19
316.5 16
317.5 25
318.5 22
319.5 19
320.5 17
321.5 19
322.5 10
323.5 14
324.5 22
325.5 21
326.5 18
327.5 13
328.5 27
329.5 9
330.5 6
331.5 11
332.5 9
333.5 12
334.5 16
335.5 3
336.5 3
337.5 6
338.5 6
339.5 5
340.5 7
341.5 6
342.5 8
343.5 6
344.5 8
345.5 6
346.5 7
347.5 4
348.5 10
349.5 7
350.5 10
351.5 11
352.5 12
353.5 5
354.5 14
355.5 16
356.5 14
357.5 12
358.5 8
359.5 12
360.5 8
361.5 11
362.5 11
363.5 7
364.5 4
365.5 11
366.5 18
367.5 12
368.5 14
369.5 19
370.5 11
371.5 11
372.5 14
373.5 7
374.5 10
375.5 8
376.5 6
377.5 11
378.5 8
379.5 9
380.5 9
381.5 5
382.5 8
383.5 8
384.5 5
385.5 2
386.5 3
387.5 5
388.5 6
389.5 9
390.5 5
391.5 7
392.5 15
393.5 8
394.5 18
395.5 16
396.5 20
397.5 12
398.5 14
399.5 13
400.5 13
401.5 14
402.5 13
403.5 9
404.5 6
405.5 4
406.5 5
407.5 13
408.5 9
409.5 9
410.5 11
411.5 8
412.5 9
413.5 3
414.5 7
415.5 8
416.5 7
417.5 2
418.5 8
419.5 8
420.5 3
421.5 7
422.5 6
423.5 2
424.5 8
425.5 7
426.5 2
427.5 9
428.5 4
429.5 4
430.5 8
431.5 5
432.5 7
433.5 9
434.5 5
435.5 8
436.5 11
437.5 6
438.5 6
439.5 4
440.5 2
441.5 6
442.5 9
443.5 8
444.5 3
445.5 3
446.5 5
447.5 3
448.5 8
449.5 6
450.5 4
451.5 6
452.5 5
453.5 8
454.5 8
455.5 8
456.5 7
457.5 8
458.5 5
459.5 9
460.5 12
461.5 6
462.5 10
463.5 7
464.5 4
465.5 13
466.5 17
467.5 14
468.5 19
469.5 12
470.5 13
471.5 14
472.5 10
473.5 19
474.5 15
475.5 14
476.5 13
477.5 23
478.5 22
479.5 21
480.5 33
481.5 22
482.5 35
483.5 43
484.5 53
485.5 65
486.5 66
487.5 75
488.5 70
489.5 76
490.5 82
491.5 100
492.5 84
493.5 85
494.5 90
495.5 73
496.5 69
497.5 59
498.5 62
499.5 48
500.5 39
501.5 21
502.5 21
503.5 12
504.5 15
505.5 6
506.5 5
507.5 4
508.5 6
509.5 16
510.5 8
511.5 7
512.5 7
513.5 14
514.5 3
515.5 14
516.5 4
517.5 14
518.5 15
519.5 8
520.5 14
521.5 10
522.5 8
523.5 11
524.5 16
525.5 14
526.5 17
527.5 24
528.5 26
529.5 30
530.5 35
531.5 29
532.5 29
533.5 36
534.5 46
535.5 59
536.5 96
537.5 59
538.5 31
539.5 38
540.5 28
541.5 35
542.5 37
543.5 36
544.5 39
545.5 34
546.5 34
547.5 24
548.5 18
549.5 25
550.5 18
551.5 17
552.5 7
553.5 9
554.5 14
555.5 14
556.5 18
557.5 19
558.5 14
559.5 11
560.5 21
561.5 17
562.5 42
563.5 53
564.5 40
565.5 51
566.5 61
567.5 47
568.5 61
569.5 63
570.5 80
571.5 79
572.5 119
573.5 119
574.5 139
575.5 129
576.5 96
577.5 124
578.5 89
579.5 97
580.5 88
581.5 83
582.5 53
583.5 43
584.5 37
585.5 24
586.5 23
587.5 16
588.5 11
589.5 9
590.5 11
591.5 17
592.5 11
593.5 15
594.5 14
595.5 10
596.5 12
597.5 9
598.5 10
599.5 15
600.5 21
601.5 18
602.5 16
603.5 22
604.5 20
605.5 17
606.5 21
607.5 17
608.5 17
609.5 21
610.5 11
611.5 21
612.5 15
613.5 15
614.5 15
615.5 22
616.5 12
617.5 17
618.5 14
619.5 21
620.5 14
621.5 25
622.5 23
623.5 30
624.5 23
625.5 22
626.5 28
627.5 36
628.5 27
629.5 47
630.5 59
631.5 62
632.5 55
633.5 64
634.5 77
635.5 72
636.5 88
637.5 89
638.5 64
639.5 77
640.5 98
641.5 99
642.5 103
643.5 95
644.5 111
645.5 135
646.5 135
647.5 131
648.5 121
649.5 109
650.5 115
651.5 105
652.5 89
653.5 86
654.5 70
655.5 50
656.5 32
657.5 31
658.5 17
659.5 11
660.5 15
661.5 9
662.5 10
663.5 13
664.5 10
665.5 17
666.5 8
667.5 6
668.5 8
669.5 9
670.5 9
671.5 7
672.5 10
673.5 9
674.5 7
675.5 8
676.5 6
677.5 5
678.5 3
679.5 9
680.5 8
681.5 3
682.5 8
683.5 7
684.5 6
685.5 2
686.5 5
687.5 3
688.5 6
689.5 5
690.5 3
691.5 2
692.5 6
693.5 4
694.5 7
695.5 5
696.5 5
697.5 6
698.5 5
699.5 4
700.5 2
701.5 7
702.5 4
703.5 7
704.5 5
705.5 3
706.5 4
707.5 6
708.5 6
709.5 6
710.5 3
711.5 5
712.5 4
713.5 6
714.5 2
715.5 7
716.5 5
717.5 9
718.5 6
719.5 7
720.5 11
721.5 10
722.5 9
723.5 11
724.5 9
725.5 7
726.5 16
727.5 15
728.5 11
729.5 11
730.5 12
731.5 22
732.5 10
733.5 15
734.5 25
735.5 21
736.5 29
737.5 32
738.5 33
739.5 38
740.5 41
741.5 48
742.5 44
743.5 48
744.5 45
745.5 52
746.5 46
747.5 42
748.5 33
749.5 21
750.5 17
751.5 16
752.5 16
753.5 12
754.5 12
755.5 13
756.5 5
757.5 6
758.5 4
759.5 10
760.5 6
761.5 9
762.5 3
763.5 10
764.5 5
765.5 9
766.5 9
767.5 12
768.5 9
769.5 8
770.5 9
771.5 9
772.5 17
773.5 16
774.5 11
775.5 17
776.5 11
777.5 17
778.5 14
779.5 12
780.5 13
781.5 23
782.5 14
783.5 12
784.5 6
785.5 12
786.5 10
787.5 14
788.5 10
789.5 9
790.5 8
791.5 6
792.5 12
793.5 13
794.5 17
795.5 7
796.5 15
797.5 12
798.5 12
799.5 10
800.5 9
801.5 16
802.5 17
803.5 25
804.5 14
805.5 12
806.5 25
807.5 38
808.5 31
809.5 29
810.5 42
811.5 45
812.5 33
813.5 35
814.5 41
815.5 51
816.5 49
817.5 38
818.5 44
819.5 34
820.5 36
821.5 31
822.5 24
823.5 25
824.5 18
825.5 16
826.5 14
827.5 9
828.5 15
829.5 9
830.5 8
831.5 6
832.5 15
833.5 16
834.5 18
835.5 15
836.5 20
837.5 21
838.5 13
839.5 23
840.5 34
841.5 22
842.5 21
843.5 31
844.5 23
845.5 23
846.5 24
847.5 24
848.5 31
849.5 27
850.5 29
851.5 15
852.5 12
853.5 14
854.5 8
855.5 7
856.5 14
857.5 8
858.5 4
859.5 4
860.5 1
861.5 3
862.5 5
863.5 3
864.5 5
865.5 8
866.5 2
867.5 4
868.5 3
869.5 2
870.5 3
871.5 6
872.5 5
873.5 11
874.5 3
875.5 2
876.5 5
877.5 5
878.5 8
879.5 6
880.5 8
881.5 6
882.5 5
883.5 2
884.5 5
885.5 5
886.5 2
887.5 6
888.5 3
889.5 3
890.5 6
891.5 4
893.5 6
894.5 3
895.5 4
896.5 3
897.5 3
898.5 2
899.5 5
900.5 4
901.5 5
902.5 2
903.5 5
904.5 5
905.5 4
906.5 5
907.5 10
908.5 5
909.5 5
910.5 16
911.5 9
912.5 19
913.5 9
914.5 10
915.5 11
916.5 9
917.5 7
918.5 11
919.5 14
920.5 16
921.5 15
922.5 25
923.5 15
924.5 21
925.5 31
926.5 32
927.5 34
928.5 33
929.5 38
930.5 37
931.5 52
932.5 50
933.5 73
934.5 70
935.5 105
936.5 73
937.5 120
938.5 111
939.5 136
940.5 141
941.5 130
942.5 146
943.5 151
944.5 120
945.5 123
946.5 124
947.5 89
948.5 70
949.5 67
950.5 53
951.5 37
952.5 33
953.5 21
954.5 17
955.5 12
956.5 12
957.5 7
958.5 5
959.5 6
960.5 10
961.5 17
962.5 12
963.5 12
964.5 12
965.5 9
966.5 17
967.5 15
968.5 18
969.5 8
970.5 20
971.5 20
972.5 14
973.5 17
974.5 15
975.5 16
976.5 13
977.5 20
978.5 17
979.5 14
980.5 26
981.5 13
982.5 17
983.5 26
984.5 18
985.5 25
986.5 30
987.5 26
988.5 26
989.5 23
990.5 39
991.5 25
992.5 31
993.5 31
994.5 35
995.5 38
996.5 43
997.5 40
998.5 43
999.5 44
1000.5 45
1001.5 32
1002.5 42
1003.5 48
1004.5 45
1005.5 45
1006.5 35
1007.5 48
1008.5 65
1009.5 48
1010.5 52
1011.5 59
1012.5 58
1013.5 61
1014.5 64
1015.5 85
1016.5 75
1017.5 60
1018.5 89
1019.5 70
1020.5 110
1021.5 101
1022.5 89
1023.5 110
1024.5 138
1025.5 138
1026.5 159
1027.5 165
1028.5 194
1029.5 213
1030.5 220
1031.5 269
1032.5 290
1033.5 346
1034.5 360
1035.5 422
1036.5 474
1037.5 488
1038.5 564
1039.5 632
1040.5 668
1041.5 720
1042.5 811
1043.5 803
1044.5 842
1045.5 813
1046.5 895
1047.5 897
1048.5 908
1049.5 958
1050.5 981
1051.5 907
1052.5 948
1053.5 977
1054.5 1034
1055.5 1063
1056.5 982
1057.5 960
1058.5 1004
1059.5 929
1060.5 944
1061.5 981
1062.5 1002
1063.5 955
1064.5 969
1065.5 1037
1066.5 942
1067.5 1005
1068.5 935
1069.5 1031
1070.5 933
1071.5 981
1072.5 1029
1073.5 1003
1074.5 1018
1075.5 950
1076.5 932
1077.5 937
1078.5 977
1079.5 1002
1080.5 933
1081.5 967
1082.5 956
1083.5 1008
1084.5 939
1085.5 961
1086.5 1005
1087.5 1073
1088.5 1046
1089.5 1058
1090.5 997
1091.5 1023
1092.5 979
1093.5 1058
1094.5 1065
1095.5 1037
1096.5 1030
1097.5 1059
1098.5 1078
1099.5 988
1100.5 1053
1101.5 1034
1102.5 1028
1103.5 1037
1104.5 995
1105.5 988
1106.5 1041
1107.5 1012
1108.5 1104
1109.5 1097
1110.5 1100
1111.5 1055
1112.5 1105
1113.5 1120
1114.5 1112
1115.5 1149
1116.5 1084
1117.5 1079
1118.5 1167
1119.5 1179
1120.5 1245
1121.5 1138
1122.5 1188
1123.5 1231
1124.5 1131
1125.5 1024
1126.5 1114
1127.5 1163
1128.5 1211
1129.5 1166
1130.5 1192
1131.5 1075
1132.5 1083
1133.5 1145
1134.5 1140
1135.5 1132
1136.5 1118
1137.5 989
1138.5 1046
1139.5 991
1140.5 1002
1141.5 986
1142.5 937
1143.5 878
1144.5 792
1145.5 746
1146.5 737
1147.5 815
1148.5 716
1149.5 715
1150.5 712
1151.5 650
1152.5 581
1153.5 598
1154.5 541
1155.5 483
1156.5 432
1157.5 454
1158.5 427
1159.5 345
1160.5 366
1161.5 307
1162.5 258
1163.5 244
1164.5 197
1165.5 168
1166.5 160
1167.5 127
1168.5 120
1169.5 107
1170.5 101
1171.5 85
1172.5 61
1173.5 42
1174.5 32
1175.5 33
1176.5 34
1177.5 25
1178.5 17
1179.5 19
1180.5 14
1181.5 8
1182.5 8
1183.5 9
1184.5 9
1185.5 3
1186.5 18
1187.5 13
1188.5 16
1189.5 25
1190.5 20
1191.5 21
1192.5 10
1193.5 12
1194.5 19
1195.5 12
1196.5 12
1197.5 12
1198.5 10
1199.5 9
1200.5 7
1201.5 6
1202.5 7
1203.5 7
1204.5 10
1205.5 8
1206.5 6
1207.5 6
1208.5 7
1209.5 3
1210.5 11
1211.5 7
1212.5 3
1213.5 4
1214.5 6
1215.5 6
1216.5 4
1217.5 7
1218.5 6
1219.5 3
1220.5 4
1221.5 5
1222.5 6
1223.5 4
1224.5 3
1225.5 2
1226.5 2
1227.5 7
1228.5 10
1229.5 6
1230.5 6
1231.5 2
1232.5 6
1233.5 6
1234.5 8
1235.5 3
1236.5 6
1237.5 11
1238.5 5
1239.5 6
1240.5 3
1241.5 9
1242.5 7
1243.5 3
1244.5 2
1245.5 4
1246.5 3
1247.5 3
1248.5 2
1249.5 4
1250.5 1
1251.5 1
1252.5 3
1253.5 6
1254.5 1
1255.5 2
1256.5 3
1257.5 5
1258.5 4
1259.5 3
1260.5 5
1261.5 10
1262.5 2
1263.5 9
1264.5 4
1265.5 3
1266.5 6
1267.5 5
1268.5 7
1269.5 4
1270.5 5
1271.5 4
1272.5 6
1273.5 6
1274.5 7
1275.5 1
1276.5 3
1277.5 2
1278.5 5
1279.5 6
1280.5 5
1281.5 9
1282.5 1
1283.5 3
1284.5 3
1285.5 2
1286.5 5
1287.5 5
1288.5 3
1289.5 5
1290.5 2
1291.5 6
1292.5 5
1293.5 5
1294.5 4
1295.5 4
1296.5 2
1297.5 4
1298.5 6
1299.5 8
1300.5 4
1301.5 2
1302.5 3
1303.5 1
1304.5 2
1305.5 2
1306.5 4
1307.5 1
1308.5 4
1309.5 5
1310.5 3
1311.5 5
1312.5 1
1313.5 7
1314.5 4
1315.5 3
1316.5 8
1317.5 3
1318.5 5
1319.5 8
1320.5 5
1321.5 6
1322.5 7
1323.5 4
1324.5 2
1325.5 1
1326.5 4
1327.5 2
1328.5 3
1329.5 3
1330.5 1
1331.5 4
1332.5 2
1333.5 1
1334.5 4
1335.5 1
1336.5 6
1337.5 4
1338.5 5
1339.5 5
1340.5 4
1341.5 2
1342.5 3
1343.5 4
1344.5 2
1345.5 4
1346.5 8
1347.5 3
1348.5 5
1349.5 12
1350.5 8
1351.5 5
1352.5 10
1353.5 16
1354.5 11
1355.5 18
1356.5 10
1357.5 10
1358.5 9
1359.5 10
1360.5 12
1361.5 22
1362.5 13
1363.5 16
1364.5 15
1365.5 11
1366.5 22
1367.5 17
1368.5 18
1369.5 17
1370.5 14
1371.5 14
1372.5 13
1373.5 14
1374.5 18
1375.5 6
1376.5 12
1377.5 12
1378.5 21
1379.5 20
1380.5 10
1381.5 12
1382.5 8
1383.5 6
1384.5 11
1385.5 5
1386.5 13
1387.5 13
1388.5 11
1389.5 14
1390.5 13
1391.5 10
1392.5 11
1393.5 14
1394.5 13
1395.5 16
1396.5 9
1397.5 9
1398.5 6
1399.5 10
1400.5 9
1401.5 6
1402.5 2
1403.5 9
1404.5 5
1405.5 7
1406.5 5
1407.5 3
1408.5 5
1409.5 7
1410.5 3
1411.5 2
1412.5 4
1413.5 3
1414.5 6
1415.5 1
1416.5 4
1417.5 1
1418.5 4
1419.5 1
1420.5 5
1421.5 10
1423.5 5
1424.5 2
1425.5 4
1426.5 4
1427.5 6
1428.5 3
1429.5 3
1430.5 6
1431.5 2
1432.5 2
1433.5 2
1434.5 3
1435.5 8
1436.5 2
1437.5 13
1438.5 1
1439.5 8
1440.5 5
1441.5 1
1442.5 6
1443.5 6
1444.5 2
1445.5 4
1446.5 3
1447.5 1
1448.5 1
1449.5 1
1450.5 4
1451.5 5
1453.5 3
1454.5 2
1455.5 4
1456.5 1
1457.5 3
1458.5 1
1459.5 3
1460.5 5
1461.5 3
1462.5 4
1463.5 5
1464.5 2
1465.5 5
1466.5 4
1467.5 10
1468.5 3
1469.5 4
1470.5 9
1471.5 4
1472.5 3
1473.5 4
1474.5 9
1475.5 2
1476.5 4
1477.5 5
1478.5 9
1479.5 1
1480.5 7
1481.5 3
1482.5 4
1483.5 2
1484.5 2
1485.5 5
1486.5 4
1487.5 5
1488.5 3
1490.5 3
1491.5 2
1492.5 3
1493.5 1
1494.5 4
1495.5 2
1496.5 2
1497.5 1
1498.5 1
1499.5 1
1500.5 3
1501.5 5
1502.5 4
1503.5 6
1504.5 2
1505.5 4
1506.5 1
1507.5 2
1508.5 5
1509.5 2
1510.5 4
1512.5 1
1514.5 2
1515.5 1
1516.5 5
1517.5 5
1518.5 2
1519.5 2
1520.5 1
1521.5 3
1522.5 4
1523.5 1
1526.5 2
1527.5 1
1528.5 1
1529.5 1
1531.5 1
1532.5 4
1533.5 2
1534.5 1
1535.5 3
1536.5 1
1539.5 4
1540.5 1
1541.5 3
1543.5 2
1544.5 3
1545.5 2
1546.5 3
1547.5 6
1548.5 1
1549.5 1
1550.5 3
1552.5 3
1553.5 3
1554.5 4
1555.5 4
1556.5 1
1557.5 4
1559.5 2
1560.5 1
1561.5 2
1562.5 5
1563.5 4
1564.5 3
1565.5 2
1566.5 3
1567.5 2
1568.5 5
1569.5 4
1570.5 4
1571.5 2
1572.5 4
1573.5 1
1574.5 4
1575.5 1
1576.5 2
1577.5 1
1578.5 2
1579.5 4
1580.5 4
1581.5 1
1582.5 2
1583.5 1
1584.5 4
1585.5 2
1586.5 5
1587.5 2
1588.5 3
1589.5 3
1590.5 2
1591.5 2
1592.5 4
1593.5 5
1594.5 2
1595.5 1
1596.5 1
1597.5 4
1598.5 6
1599.5 4
1600.5 1
1601.5 2
1602.5 2
1603.5 2
1604.5 5
1605.5 1
1606.5 1
1607.5 3
1608.5 1
1609.5 2
1610.5 1
1611.5 2
1612.5 3
1614.5 1
1615.5 4
1616.5 4
1617.5 3
1618.5 2
1619.5 2
1620.5 2
1622.5 2
1623.5 4
1624.5 3
1627.5 2
1628.5 1
1630.5 2
1631.5 3
1632.5 5
1634.5 1
1635.5 2
1636.5 3
1637.5 2
1638.5 4
1639.5 2
1640.5 1
1641.5 3
1642.5 3
1643.5 3
1644.5 1
1645.5 1
1646.5 6
1647.5 3
1648.5 2
1649.5 5
1650.5 1
1651.5 2
1652.5 3
1653.5 4
1654.5 1
1655.5 3
1656.5 3
1657.5 3
1658.5 3
1659.5 2
1660.5 3
1661.5 3
1662.5 3
1663.5 1
1664.5 3
1665.5 2
1666.5 1
1667.5 2
1668.5 4
1669.5 4
1670.5 1
1671.5 2
1672.5 1
1673.5 1
1674.5 2
1675.5 1
1676.5 6
1677.5 1
1678.5 5
1679.5 2
1680.5 3
1681.5 4
1682.5 2
1683.5 1
1684.5 4
1685.5 4
1686.5 2
1687.5 3
1688.5 4
1689.5 2
1690.5 3
1691.5 1
1692.5 1
1693.5 1
1694.5 4
1695.5 2
1696.5 2
1697.5 3
1698.5 4
1699.5 3
1700.5 9
1701.5 5
1702.5 4
1703.5 4
1704.5 8
1705.5 1
1706.5 4
1707.5 8
1708.5 6
1709.5 5
1710.5 8
1711.5 10
1712.5 7
1713.5 6
1714.5 5
1715.5 15
1716.5 7
1717.5 13
1718.5 15
1719.5 12
1720.5 15
1721.5 10
1722.5 18
1723.5 16
1724.5 22
1725.5 25
1726.5 19
1727.5 21
1728.5 24
1729.5 25
1730.5 28
1731.5 29
1732.5 32
1733.5 30
1734.5 34
1735.5 42
1736.5 43
1737.5 54
1738.5 47
1739.5 62
1740.5 52
1741.5 46
1742.5 50
1743.5 43
1744.5 42
1745.5 39
1746.5 28
1747.5 44
1748.5 29
1749.5 21
1750.5 23
1751.5 18
1752.5 10
1753.5 11
1754.5 11
1755.5 4
1756.5 8
1757.5 10
1758.5 4
1759.5 4
1760.5 4
1761.5 6
1762.5 6
1763.5 3
1764.5 2
1765.5 3
1766.5 3
1767.5 4
1768.5 5
1769.5 2
1770.5 3
1771.5 3
1772.5 3
1773.5 3
1774.5 4
1775.5 5
1776.5 3
1777.5 6
1778.5 3
1779.5 2
1780.5 6
1782.5 2
1783.5 7
1784.5 4
1785.5 3
1786.5 2
1787.5 4
1788.5 7
1789.5 6
1790.5 4
1791.5 5
1792.5 3
1793.5 7
1794.5 6
1795.5 3
1796.5 4
1797.5 4
1798.5 8
1799.5 3
1800.5 1
1801.5 5
1802.5 5
1803.5 4
1804.5 4
1805.5 4
1806.5 4
1807.5 4
1808.5 5
1809.5 5
1810.5 9
1811.5 1
1812.5 9
1813.5 5
1814.5 7
1815.5 9
1816.5 4
1817.5 3
1818.5 2
1819.5 10
1820.5 9
1821.5 4
1822.5 6
1823.5 5
1824.5 3
1825.5 1
1826.5 4
1827.5 7
1828.5 7
1830.5 9
1831.5 3
1832.5 4
1833.5 6
1834.5 11
1835.5 1
1836.5 2
1837.5 6
1838.5 4
1839.5 6
1840.5 3
1841.5 2
1842.5 5
1843.5 5
1844.5 4
1845.5 2
1846.5 3
1847.5 3
1848.5 3
1849.5 2
1850.5 4
1851.5 2
1852.5 4
1853.5 2
1854.5 2
1855.5 2
1856.5 7
1857.5 2
1858.5 6
1859.5 1
1860.5 2
1861.5 4
1862.5 4
1863.5 4
1864.5 7
1865.5 2
1866.5 5
1867.5 3
1868.5 3
1869.5 6
1870.5 4
1871.5 2
1872.5 5
1873.5 2
1874.5 3
1876.5 5
1877.5 3
1878.5 3
1879.5 7
1880.5 1
1881.5 4
1882.5 2
1883.5 2
1884.5 1
1885.5 1
1886.5 2
1887.5 3
1888.5 3
1890.5 2
1891.5 1
1892.5 2
1893.5 3
1894.5 4
1895.5 4
1897.5 2
1898.5 2
1899.5 1
1900.5 2
1901.5 7
1902.5 1
1903.5 1
1904.5 2
1905.5 1
1906.5 2
1907.5 2
1908.5 5
1909.5 5
1910.5 2
1911.5 2
1912.5 4
1913.5 2
1914.5 6
1915.5 1
1916.5 3
1917.5 1
1918.5 1
1919.5 2
1920.5 2
1922.5 2
1923.5 4
1924.5 3
1925.5 1
1926.5 6
1927.5 6
1928.5 4
1929.5 4
1930.5 2
1931.5 1
1932.5 5
1933.5 2
1934.5 5
1935.5 2
1936.5 3
1937.5 6
1938.5 4
1939.5 9
1940.5 4
1941.5 7
1942.5 5
1943.5 7
1944.5 3
1945.5 3
1946.5 4
1947.5 13
1948.5 16
1949.5 9
1950.5 10
1951.5 14
1952.5 18
1953.5 17
1954.5 24
1955.5 20
1956.5 26
1957.5 27
1958.5 24
1959.5 23
1960.5 32
1961.5 27
1962.5 31
1963.5 26
1964.5 34
1965.5 35
1966.5 45
1967.5 30
1968.5 42
1969.5 35
1970.5 38
1971.5 27
1972.5 28
1973.5 26
1974.5 14
1975.5 16
1976.5 16
1977.5 11
1978.5 13
1979.5 15
1980.5 8
1981.5 11
1982.5 9
1983.5 9
1984.5 7
1985.5 7
1986.5 8
1987.5 15
1988.5 28
1989.5 11
1990.5 13
1991.5 12
1992.5 14
1993.5 3
1994.5 15
1995.5 7
1996.5 8
1997.5 12
1998.5 5
1999.5 3
2000.5 9
2001.5 6
2002.5 4
2003.5 1
2004.5 1
2005.5 1
2006.5 5
2007.5 2
2008.5 2
2010.5 1
2011.5 4
2013.5 1
2014.5 1
2015.5 1
2016.5 3
2017.5 3
2018.5 1
2019.5 1
2021.5 1
2023.5 1
2024.5 2
2027.5 2
2030.5 2
2031.5 3
2032.5 1
2033.5 1
2035.5 5
2036.5 1
2037.5 2
2038.5 1
2039.5 3
2040.5 3
2042.5 2
2044.5 4
2046.5 2
2047.5 1
2048.5 4
2049.5 2
2050.5 4
2051.5 3
2052.5 2
2053.5 6
2054.5 4
2055.5 3
2056.5 5
2057.5 1
2058.5 1
2059.5 5
2061.5 2
2062.5 2
2063.5 1
2064.5 2
2065.5 4
2066.5 2
2067.5 2
2068.5 3
2069.5 4
2070.5 6
2071.5 3
2072.5 3
2073.5 7
2075.5 2
2076.5 2
2077.5 3
2078.5 4
2079.5 6
2080.5 3
2081.5 4
2082.5 3
2083.5 5
2084.5 5
2085.5 3
2086.5 8
2088.5 6
2089.5 5
2090.5 6
2091.5 5
2092.5 7
2093.5 6
2094.5 5
2095.5 13
2096.5 1
2097.5 7
2098.5 18
2099.5 11
2100.5 15
2101.5 12
2102.5 13
2103.5 8
2104.5 11
2105.5 13
2106.5 20
2107.5 14
2108.5 22
2109.5 26
2110.5 23
2111.5 34
2112.5 35
2113.5 34
2114.5 28
2115.5 40
2116.5 41
2117.5 33
2118.5 28
2119.5 41
2120.5 39
2121.5 34
2122.5 29
2123.5 24
2124.5 23
2125.5 21
2126.5 11
2127.5 10
2128.5 11
2129.5 7
2130.5 8
2131.5 7
2132.5 3
2133.5 2
2134.5 1
2135.5 4
2136.5 2
2137.5 4
2138.5 6
2139.5 3
2140.5 4
2141.5 2
2142.5 2
2143.5 2
2144.5 2
2145.5 5
2146.5 1
2148.5 1
2149.5 2
2150.5 3
2151.5 3
2152.5 3
2153.5 1
2154.5 2
2155.5 4
2156.5 4
2157.5 2
2158.5 2
2159.5 2
2160.5 8
2161.5 2
2162.5 3
2163.5 6
2164.5 3
2165.5 3
2166.5 5
2167.5 1
2168.5 2
2169.5 2
2171.5 1
2172.5 4
2173.5 1
2175.5 4
2176.5 3
2177.5 4
2178.5 4
2179.5 1
2180.5 2
2181.5 1
2182.5 1
2183.5 1
2184.5 2
2185.5 1
2186.5 1
2187.5 1
2188.5 4
2189.5 1
2190.5 1
2191.5 2
2192.5 4
2194.5 2
2196.5 2
2197.5 2
2198.5 4
2199.5 5
2200.5 3
2201.5 5
2202.5 3
2203.5 2
2204.5 1
2205.5 3
2206.5 3
2207.5 3
2208.5 1
2210.5 3
2211.5 2
2212.5 3
2213.5 2
2214.5 4
2216.5 4
2218.5 3
2219.5 8
2220.5 2
2221.5 2
2222.5 3
2223.5 5
2224.5 6
2225.5 4
2226.5 7
2227.5 8
2228.5 2
2229.5 5
2230.5 7
2231.5 5
2232.5 4
2233.5 8
2234.5 7
2235.5 6
2236.5 2
2237.5 1
2238.5 4
2239.5 6
2241.5 3
2242.5 2
2245.5 1
2246.5 1
2249.5 3
2250.5 2
2252.5 1
2254.5 1
2256.5 2
2258.5 1
2261.5 1
2264.5 2
2265.5 2
2267.5 1
2268.5 1
2276.5 1
2277.5 1
2278.5 2
2279.5 2
2280.5 1
2281.5 4
2282.5 4
2283.5 1
2285.5 1
2289.5 2
2291.5 2
2292.5 3
2293.5 1
2294.5 1
2295.5 4
2296.5 3
2297.5 3
2298.5 3
2299.5 2
2300.5 3
2301.5 3
2302.5 2
2304.5 1
2305.5 2
2306.5 4
2307.5 3
2309.5 2
2310.5 2
2312.5 1
2313.5 4
2314.5 3
2315.5 4
2316.5 5
2317.5 6
2318.5 6
2319.5 2
2321.5 4
2322.5 3
2323.5 5
2324.5 5
2325.5 3
2326.5 6
2327.5 3
2328.5 4
2329.5 7
2330.5 2
2331.5 5
2332.5 8
2333.5 8
2334.5 14
2335.5 4
2336.5 5
2337.5 8
2338.5 11
2339.5 17
2340.5 20
2341.5 14
2342.5 7
2343.5 15
2344.5 18
2345.5 15
2346.5 17
2347.5 27
2348.5 22
2349.5 31
2350.5 31
2351.5 26
2352.5 43
2353.5 41
2354.5 49
2355.5 53
2356.5 54
2357.5 71
2358.5 74
2359.5 82
2360.5 107
2361.5 99
2362.5 114
2363.5 148
2364.5 163
2365.5 152
2366.5 185
2367.5 203
2368.5 228
2369.5 238
2370.5 236
2371.5 292
2372.5 326
2373.5 324
2374.5 295
2375.5 318
2376.5 348
2377.5 356
2378.5 353
2379.5 376
2380.5 396
2381.5 382
2382.5 378
2383.5 384
2384.5 346
2385.5 346
2386.5 423
2387.5 428
2388.5 430
2389.5 405
2390.5 479
2391.5 445
2392.5 467
2393.5 483
2394.5 479
2395.5 492
2396.5 451
2397.5 461
2398.5 448
2399.5 507
2400.5 478
2401.5 493
2402.5 470
2403.5 490
2404.5 445
2405.5 431
2406.5 465
2407.5 477
2408.5 491
2409.5 543
2410.5 532
2411.5 524
2412.5 523
2413.5 526
2414.5 510
2415.5 506
2416.5 514
2417.5 549
2418.5 522
2419.5 525
2420.5 503
2421.5 553
2422.5 507
2423.5 520
2424.5 487
2425.5 462
2426.5 487
2427.5 517
2428.5 495
2429.5 482
2430.5 499
2431.5 511
2432.5 517
2433.5 482
2434.5 498
2435.5 485
2436.5 500
2437.5 497
2438.5 504
2439.5 529
2440.5 554
2441.5 542
2442.5 534
2443.5 549
2444.5 488
2445.5 478
2446.5 567
2447.5 565
2448.5 551
2449.5 519
2450.5 540
2451.5 530
2452.5 510
2453.5 521
2454.5 571
2455.5 512
2456.5 511
2457.5 516
2458.5 540
2459.5 586
2460.5 543
2461.5 549
2462.5 537
2463.5 543
2464.5 504
2465.5 470
2466.5 569
2467.5 539
2468.5 562
2469.5 563
2470.5 597
2471.5 582
2472.5 579
2473.5 538
2474.5 586
2475.5 535
2476.5 577
2477.5 605
2478.5 566
2479.5 581
2480.5 578
2481.5 644
2482.5 575
2483.5 602
2484.5 495
2485.5 526
2486.5 594
2487.5 607
2488.5 558
2489.5 609
2490.5 573
2491.5 590
2492.5 575
2493.5 621
2494.5 633
2495.5 607
2496.5 573
2497.5 628
2498.5 591
2499.5 649
2500.5 652
2501.5 651
2502.5 633
2503.5 681
2504.5 688
2505.5 579
2506.5 571
2507.5 612
2508.5 562
2509.5 594
2510.5 578
2511.5 600
2512.5 719
2513.5 1045
2514.5 1449
2515.5 1847
2516.5 4623
2517.5 246
2518.5 163
2519.5 96
2520.5 70
2521.5 45
2522.5 22
2523.5 17
2524.5 11
2525.5 9
2526.5 4
2527.5 7
2528.5 1
2529.5 2
2532.5 2
2534.5 2
2535.5 1
2540.5 1
2542.5 1
2543.5 2
2544.5 2
2545.5 1
2546.5 1
2552.5 1
2555.5 1
2564.5 1
2565.5 1
2584.5 2
2594.5 1
