0.5 4947
8.5 1
10.5 1
12.5 1
13.5 1
14.5 4
15.5 4
16.5 4
17.5 13
18.5 18
19.5 21
20.5 29
21.5 25
22.5 29
23.5 26
24.5 38
25.5 40
26.5 46
27.5 39
28.5 41
29.5 31
30.5 31
31.5 35
32.5 39
33.5 36
34.5 47
35.5 42
36.5 46
37.5 49
38.5 53
39.5 50
40.5 57
41.5 37
42.5 49
43.5 31
44.5 34
45.5 24
46.5 32
47.5 22
48.5 22
49.5 25
50.5 24
51.5 27
52.5 26
53.5 18
54.5 23
55.5 29
56.5 26
57.5 33
58.5 27
59.5 34
60.5 29
61.5 41
62.5 37
63.5 42
64.5 48
65.5 57
66.5 49
67.5 43
68.5 72
69.5 89
70.5 62
71.5 73
72.5 60
73.5 62
74.5 41
75.5 39
76.5 42
77.5 35
78.5 21
79.5 33
80.5 24
81.5 23
82.5 22
83.5 21
84.5 20
85.5 18
86.5 12
87.5 13
88.5 15
89.5 11
90.5 17
91.5 13
92.5 11
93.5 10
94.5 16
95.5 13
96.5 14
97.5 6
98.5 10
99.5 12
100.5 18
101.5 17
102.5 12
103.5 11
104.5 13
105.5 20
106.5 16
107.5 21
108.5 21
109.5 15
110.5 19
111.5 23
112.5 12
113.5 16
114.5 24
115.5 17
116.5 14
117.5 20
118.5 15
119.5 13
120.5 17
121.5 14
122.5 10
123.5 17
124.5 23
125.5 23
126.5 24
127.5 24
128.5 19
129.5 24
130.5 25
131.5 33
132.5 22
133.5 25
134.5 27
135.5 27
136.5 22
137.5 25
138.5 19
139.5 27
140.5 18
141.5 16
142.5 25
143.5 17
144.5 25
145.5 22
146.5 30
147.5 19
148.5 27
149.5 31
150.5 23
151.5 29
152.5 36
153.5 47
154.5 25
155.5 35
156.5 30
157.5 35
158.5 30
159.5 42
160.5 57
161.5 60
162.5 42
163.5 45
164.5 82
165.5 86
166.5 85
167.5 89
168.5 96
169.5 89
170.5 91
171.5 106
172.5 89
173.5 83
174.5 78
175.5 71
176.5 55
177.5 28
178.5 22
179.5 28
180.5 7
181.5 10
182.5 9
183.5 9
184.5 11
185.5 12
186.5 6
187.5 10
188.5 4
189.5 12
190.5 13
191.5 7
192.5 13
193.5 17
194.5 9
195.5 12
196.5 17
197.5 15
198.5 11
199.5 19
200.5 14
201.5 14
202.5 9
203.5 10
204.5 11
205.5 6
206.5 16
207.5 11
208.5 10
209.5 11
210.5 23
211.5 15
212.5 10
213.5 12
214.5 18
215.5 19
216.5 11
217.5 21
218.5 18
219.5 36
220.5 35
221.5 26
222.5 42
223.5 26
224.5 32
225.5 47
226.5 39
227.5 32
228.5 38
229.5 31
230.5 35
231.5 27
232.5 18
233.5 8
234.5 14
235.5 10
236.5 13
237.5 7
238.5 4
239.5 15
240.5 10
241.5 13
242.5 15
243.5 18
244.5 12
245.5 16
246.5 10
247.5 19
248.5 11
249.5 14
250.5 10
251.5 12
252.5 11
253.5 8
254.5 20
255.5 6
256.5 15
257.5 6
258.5 10
259.5 12
260.5 8
261.5 6
262.5 8
263.5 6
264.5 5
265.5 5
266.5 3
267.5 10
268.5 5
269.5 6
270.5 5
271.5 6
272.5 5
273.5 5
274.5 11
275.5 2
276.5 6
277.5 10
278.5 7
279.5 12
280.5 10
281.5 11
282.5 9
283.5 10
284.5 12
285.5 12
286.5 23
287.5 15
288.5 20
289.5 21
290.5 18
291.5 15
292.5 16
293.5 15
294.5 13
295.5 6
296.5 9
297.5 6
298.5 8
299.5 2
300.5 6
301.5 5
302.5 8
303.5 5
304.5 4
305.5 7
306.5 5
307.5 5
308.5 9
309.5 7
310.5 14
311.5 6
312.5 7
313.5 10
314.5 14
315.5 12
316.5 14
317.5 16
318.5 17
319.5 13
320.5 14
321.5 21
322.5 15
323.5 14
324.5 19
325.5 13
326.5 14
327.5 12
328.5 6
329.5 5
330.5 7
331.5 9
332.5 4
333.5 5
334.5 7
335.5 5
336.5 4
337.5 6
338.5 3
339.5 2
340.5 5
341.5 4
342.5 3
343.5 1
344.5 5
345.5 4
346.5 7
347.5 8
348.5 3
349.5 7
350.5 10
351.5 8
352.5 10
353.5 9
354.5 11
355.5 13
356.5 10
357.5 12
358.5 11
359.5 9
360.5 19
361.5 15
362.5 15
363.5 17
364.5 21
365.5 26
366.5 18
367.5 18
368.5 24
369.5 14
370.5 21
371.5 20
372.5 21
373.5 18
374.5 5
375.5 17
376.5 7
377.5 10
378.5 18
379.5 8
380.5 7
381.5 11
382.5 8
383.5 12
384.5 9
385.5 17
386.5 9
387.5 8
388.5 7
389.5 9
390.5 7
391.5 16
392.5 13
393.5 21
394.5 14
395.5 22
396.5 20
397.5 25
398.5 17
399.5 20
400.5 18
401.5 18
402.5 10
403.5 6
404.5 9
405.5 8
406.5 8
407.5 4
408.5 9
409.5 7
410.5 9
411.5 8
412.5 10
413.5 7
414.5 6
415.5 7
416.5 5
417.5 4
418.5 5
419.5 7
420.5 6
421.5 10
422.5 9
423.5 9
424.5 7
425.5 8
426.5 13
427.5 8
428.5 4
429.5 15
430.5 14
431.5 15
432.5 17
433.5 17
434.5 16
435.5 21
436.5 17
437.5 9
438.5 16
439.5 11
440.5 11
441.5 4
442.5 4
443.5 8
444.5 6
445.5 7
446.5 5
447.5 6
448.5 7
449.5 10
450.5 10
451.5 5
452.5 4
453.5 9
454.5 3
455.5 6
456.5 11
457.5 9
458.5 12
459.5 8
460.5 5
461.5 18
462.5 15
463.5 18
464.5 17
465.5 20
466.5 14
467.5 16
468.5 16
469.5 30
470.5 16
471.5 19
472.5 25
473.5 18
474.5 30
475.5 24
476.5 29
477.5 31
478.5 18
479.5 32
480.5 36
481.5 46
482.5 57
483.5 58
484.5 72
485.5 95
486.5 117
487.5 104
488.5 124
489.5 138
490.5 160
491.5 160
492.5 163
493.5 202
494.5 195
495.5 192
496.5 168
497.5 146
498.5 131
499.5 105
500.5 92
501.5 68
502.5 47
503.5 31
504.5 23
505.5 12
506.5 17
507.5 14
508.5 19
509.5 12
510.5 16
511.5 5
512.5 12
513.5 15
514.5 17
515.5 15
516.5 10
517.5 19
518.5 19
519.5 18
520.5 16
521.5 16
522.5 22
523.5 23
524.5 28
525.5 21
526.5 27
527.5 26
528.5 30
529.5 44
530.5 40
531.5 43
532.5 54
533.5 62
534.5 74
535.5 100
536.5 158
537.5 105
538.5 70
539.5 64
540.5 69
541.5 65
542.5 63
543.5 57
544.5 79
545.5 73
546.5 46
547.5 41
548.5 29
549.5 31
550.5 26
551.5 18
552.5 38
553.5 27
554.5 25
555.5 32
556.5 36
557.5 26
558.5 30
559.5 36
560.5 35
561.5 52
562.5 76
563.5 102
564.5 75
565.5 84
566.5 92
567.5 100
568.5 109
569.5 129
570.5 158
571.5 172
572.5 197
573.5 205
574.5 242
575.5 256
576.5 255
577.5 251
578.5 232
579.5 201
580.5 198
581.5 174
582.5 135
583.5 91
584.5 69
585.5 75
586.5 63
587.5 41
588.5 27
589.5 20
590.5 30
591.5 27
592.5 22
593.5 36
594.5 28
595.5 27
596.5 29
597.5 37
598.5 25
599.5 28
600.5 39
601.5 30
602.5 28
603.5 32
604.5 40
605.5 57
606.5 46
607.5 45
608.5 34
609.5 41
610.5 55
611.5 44
612.5 50
613.5 47
614.5 52
615.5 58
616.5 54
617.5 47
618.5 46
619.5 42
620.5 74
621.5 76
622.5 68
623.5 76
624.5 86
625.5 84
626.5 87
627.5 80
628.5 102
629.5 127
630.5 110
631.5 139
632.5 161
633.5 183
634.5 207
635.5 220
636.5 209
637.5 193
638.5 217
639.5 252
640.5 246
641.5 254
642.5 275
643.5 276
644.5 317
645.5 321
646.5 389
647.5 415
648.5 454
649.5 460
650.5 496
651.5 487
652.5 520
653.5 513
654.5 485
655.5 506
656.5 429
657.5 464
658.5 430
659.5 480
660.5 506
661.5 470
662.5 496
663.5 501
664.5 489
665.5 486
666.5 513
667.5 554
668.5 587
669.5 570
670.5 526
671.5 576
672.5 541
673.5 584
674.5 628
675.5 638
676.5 589
677.5 629
678.5 544
679.5 590
680.5 592
681.5 625
682.5 575
683.5 595
684.5 603
685.5 667
686.5 681
687.5 693
688.5 625
689.5 652
690.5 657
691.5 637
692.5 649
693.5 676
694.5 731
695.5 680
696.5 633
697.5 630
698.5 626
699.5 644
700.5 605
701.5 643
702.5 632
703.5 653
704.5 657
705.5 691
706.5 719
707.5 670
708.5 663
709.5 698
710.5 638
711.5 706
712.5 692
713.5 687
714.5 706
715.5 719
716.5 675
717.5 642
718.5 661
719.5 614
720.5 685
721.5 647
722.5 662
723.5 680
724.5 632
725.5 681
726.5 668
727.5 724
728.5 740
729.5 712
730.5 680
731.5 714
732.5 758
733.5 680
734.5 766
735.5 795
736.5 775
737.5 723
738.5 741
739.5 796
740.5 811
741.5 782
742.5 784
743.5 789
744.5 813
745.5 849
746.5 842
747.5 804
748.5 786
749.5 829
750.5 822
751.5 765
752.5 758
753.5 823
754.5 763
755.5 795
756.5 752
757.5 716
758.5 781
759.5 767
760.5 795
761.5 755
762.5 814
763.5 767
764.5 738
765.5 818
766.5 823
767.5 831
768.5 863
769.5 900
770.5 831
771.5 829
772.5 797
773.5 887
774.5 871
775.5 911
776.5 887
777.5 828
778.5 872
779.5 872
780.5 855
781.5 843
782.5 862
783.5 886
784.5 798
785.5 876
786.5 927
787.5 864
788.5 964
789.5 956
790.5 900
791.5 846
792.5 838
793.5 923
794.5 933
795.5 929
796.5 960
797.5 832
798.5 942
799.5 948
800.5 942
801.5 914
802.5 942
803.5 863
804.5 833
805.5 843
806.5 952
807.5 918
808.5 917
809.5 883
810.5 929
811.5 933
812.5 932
813.5 914
814.5 930
815.5 917
816.5 833
817.5 853
818.5 895
819.5 904
820.5 791
821.5 779
822.5 776
823.5 751
824.5 652
825.5 668
826.5 634
827.5 745
828.5 706
829.5 708
830.5 676
831.5 657
832.5 646
833.5 621
834.5 556
835.5 631
836.5 629
837.5 580
838.5 579
839.5 561
840.5 576
841.5 527
842.5 515
843.5 507
844.5 473
845.5 438
846.5 457
847.5 367
848.5 396
849.5 388
850.5 353
851.5 322
852.5 323
853.5 287
854.5 254
855.5 232
856.5 197
857.5 183
858.5 154
859.5 129
860.5 105
861.5 75
862.5 70
863.5 56
864.5 41
865.5 31
866.5 29
867.5 24
868.5 17
869.5 24
870.5 7
871.5 15
872.5 7
873.5 2
874.5 8
875.5 4
876.5 2
877.5 3
878.5 7
879.5 4
880.5 4
881.5 4
882.5 6
883.5 6
884.5 4
885.5 3
886.5 5
887.5 5
888.5 2
889.5 7
890.5 5
891.5 4
892.5 7
893.5 3
894.5 7
895.5 8
896.5 4
897.5 8
898.5 4
899.5 8
900.5 6
901.5 9
902.5 11
903.5 4
904.5 11
905.5 11
906.5 9
907.5 7
908.5 7
909.5 18
910.5 7
911.5 13
912.5 22
913.5 10
914.5 8
915.5 16
916.5 14
917.5 11
918.5 22
919.5 11
920.5 27
921.5 16
922.5 27
923.5 21
924.5 21
925.5 32
926.5 29
927.5 33
928.5 41
929.5 49
930.5 59
931.5 46
932.5 71
933.5 76
934.5 82
935.5 102
936.5 121
937.5 157
938.5 146
939.5 188
940.5 196
941.5 231
942.5 247
943.5 238
944.5 204
945.5 244
946.5 205
947.5 170
948.5 165
949.5 148
950.5 123
951.5 82
952.5 65
953.5 42
954.5 27
955.5 19
956.5 13
957.5 12
958.5 8
959.5 8
960.5 2
961.5 4
962.5 5
963.5 5
964.5 7
965.5 10
966.5 8
967.5 9
968.5 10
969.5 11
970.5 8
971.5 14
972.5 8
973.5 9
974.5 11
975.5 3
976.5 3
977.5 2
978.5 2
979.5 2
980.5 4
981.5 2
982.5 3
983.5 5
984.5 4
985.5 1
986.5 4
987.5 4
988.5 2
989.5 2
990.5 4
991.5 3
992.5 2
993.5 3
994.5 2
995.5 2
996.5 4
997.5 2
998.5 5
999.5 2
1000.5 5
1001.5 2
1002.5 6
1003.5 4
1004.5 3
1005.5 4
1006.5 4
1007.5 7
1008.5 10
1009.5 7
1010.5 8
1011.5 9
1012.5 2
1013.5 8
1014.5 4
1015.5 5
1016.5 11
1017.5 7
1018.5 10
1019.5 14
1020.5 8
1021.5 6
1022.5 16
1023.5 9
1024.5 9
1025.5 7
1026.5 20
1027.5 7
1028.5 16
1029.5 15
1030.5 17
1031.5 17
1032.5 18
1033.5 17
1034.5 26
1035.5 32
1036.5 35
1037.5 33
1038.5 38
1039.5 40
1040.5 42
1041.5 47
1042.5 53
1043.5 58
1044.5 69
1045.5 53
1046.5 73
1047.5 68
1048.5 70
1049.5 57
1050.5 62
1051.5 43
1052.5 43
1053.5 31
1054.5 28
1055.5 20
1056.5 12
1057.5 16
1058.5 10
1059.5 7
1060.5 6
1061.5 11
1062.5 5
1063.5 8
1064.5 12
1065.5 7
1066.5 8
1067.5 10
1068.5 8
1069.5 3
1070.5 4
1071.5 7
1072.5 4
1073.5 5
1074.5 2
1075.5 5
1076.5 8
1077.5 3
1078.5 7
1079.5 9
1080.5 5
1081.5 9
1082.5 10
1083.5 7
1084.5 12
1085.5 7
1086.5 10
1087.5 10
1088.5 13
1089.5 13
1090.5 23
1091.5 16
1092.5 25
1093.5 26
1094.5 33
1095.5 21
1096.5 35
1097.5 39
1098.5 55
1099.5 38
1100.5 55
1101.5 63
1102.5 69
1103.5 59
1104.5 69
1105.5 78
1106.5 76
1107.5 72
1108.5 71
1109.5 68
1110.5 65
1111.5 39
1112.5 44
1113.5 47
1114.5 27
1115.5 23
1116.5 17
1117.5 15
1118.5 8
1119.5 8
1120.5 4
1121.5 6
1122.5 7
1123.5 4
1124.5 4
1125.5 1
1126.5 4
1127.5 5
1128.5 1
1129.5 6
1130.5 1
1131.5 4
1132.5 5
1133.5 7
1134.5 3
1135.5 5
1136.5 4
1137.5 4
1138.5 4
1139.5 8
1140.5 5
1141.5 8
1142.5 5
1143.5 4
1144.5 2
1145.5 6
1146.5 8
1147.5 7
1148.5 6
1149.5 5
1150.5 6
1151.5 11
1152.5 9
1153.5 8
1154.5 5
1155.5 12
1156.5 16
1157.5 15
1158.5 8
1159.5 11
1160.5 10
1161.5 7
1162.5 8
1163.5 9
1164.5 3
1165.5 3
1166.5 1
1167.5 8
1168.5 6
1169.5 8
1170.5 2
1171.5 4
1172.5 4
1173.5 5
1174.5 9
1175.5 8
1176.5 7
1177.5 10
1178.5 10
1179.5 12
1180.5 13
1181.5 8
1182.5 8
1183.5 14
1184.5 12
1185.5 10
1186.5 6
1187.5 10
1188.5 16
1189.5 12
1190.5 15
1191.5 21
1192.5 20
1193.5 15
1194.5 22
1195.5 10
1196.5 19
1197.5 22
1198.5 12
1199.5 14
1200.5 11
1201.5 5
1202.5 8
1203.5 12
1204.5 9
1205.5 5
1206.5 5
1207.5 3
1208.5 1
1209.5 3
1210.5 7
1211.5 4
1212.5 5
1213.5 9
1214.5 5
1215.5 4
1216.5 5
1217.5 5
1218.5 7
1219.5 3
1220.5 6
1221.5 3
1222.5 2
1223.5 2
1224.5 5
1225.5 9
1226.5 5
1227.5 6
1228.5 5
1229.5 6
1230.5 5
1231.5 8
1232.5 5
1233.5 11
1234.5 7
1235.5 6
1236.5 13
1237.5 9
1238.5 10
1239.5 13
1240.5 6
1241.5 15
1242.5 15
1243.5 8
1244.5 13
1245.5 15
1246.5 7
1247.5 11
1248.5 3
1249.5 3
1250.5 5
1251.5 6
1252.5 4
1253.5 8
1254.5 4
1255.5 5
1256.5 4
1257.5 5
1258.5 7
1259.5 5
1260.5 5
1261.5 6
1262.5 4
1263.5 1
1264.5 6
1265.5 5
1266.5 6
1267.5 8
1268.5 7
1269.5 8
1270.5 5
1271.5 7
1272.5 8
1273.5 8
1274.5 9
1275.5 8
1276.5 5
1277.5 5
1278.5 8
1279.5 9
1280.5 3
1281.5 4
1282.5 2
1283.5 4
1284.5 4
1285.5 5
1286.5 1
1287.5 3
1288.5 2
1289.5 3
1290.5 2
1291.5 2
1292.5 3
1293.5 2
1294.5 2
1295.5 4
1296.5 3
1298.5 4
1299.5 1
1300.5 4
1301.5 2
1302.5 2
1303.5 1
1304.5 4
1305.5 3
1306.5 1
1307.5 1
1308.5 3
1309.5 3
1310.5 3
1311.5 4
1312.5 3
1313.5 4
1315.5 4
1316.5 3
1317.5 3
1318.5 2
1319.5 1
1320.5 3
1321.5 4
1322.5 4
1323.5 6
1324.5 2
1325.5 2
1326.5 3
1327.5 4
1328.5 5
1329.5 4
1330.5 5
1331.5 5
1332.5 1
1333.5 4
1334.5 4
1336.5 2
1337.5 2
1338.5 2
1339.5 3
1340.5 3
1341.5 1
1342.5 2
1343.5 1
1344.5 3
1345.5 2
1346.5 1
1347.5 4
1348.5 5
1349.5 6
1350.5 6
1351.5 4
1352.5 10
1353.5 7
1354.5 9
1355.5 12
1356.5 15
1357.5 15
1358.5 15
1359.5 14
1360.5 17
1361.5 19
1362.5 19
1363.5 22
1364.5 26
1365.5 15
1366.5 22
1367.5 18
1368.5 9
1369.5 17
1370.5 19
1371.5 13
1372.5 17
1373.5 17
1374.5 24
1375.5 13
1376.5 23
1377.5 16
1378.5 18
1379.5 26
1380.5 17
1381.5 19
1382.5 21
1383.5 10
1384.5 17
1385.5 23
1386.5 14
1387.5 13
1388.5 16
1389.5 8
1390.5 17
1391.5 10
1392.5 19
1393.5 18
1394.5 17
1395.5 17
1396.5 14
1397.5 15
1398.5 11
1399.5 18
1400.5 17
1401.5 13
1402.5 5
1403.5 19
1404.5 9
1405.5 8
1406.5 2
1407.5 8
1408.5 2
1409.5 1
1410.5 4
1411.5 8
1412.5 5
1413.5 7
1414.5 2
1415.5 3
1416.5 4
1417.5 4
1418.5 3
1419.5 4
1420.5 3
1421.5 3
1422.5 11
1423.5 6
1424.5 4
1425.5 4
1426.5 3
1427.5 3
1428.5 6
1429.5 3
1430.5 4
1431.5 5
1432.5 10
1433.5 8
1434.5 5
1435.5 4
1436.5 5
1437.5 5
1438.5 2
1439.5 8
1440.5 11
1441.5 4
1442.5 10
1443.5 8
1444.5 2
1445.5 3
1446.5 6
1447.5 2
1448.5 2
1449.5 1
1450.5 1
1452.5 3
1453.5 1
1455.5 2
1456.5 4
1458.5 1
1459.5 2
1460.5 2
1461.5 2
1462.5 1
1463.5 2
1464.5 4
1466.5 3
1467.5 2
1468.5 2
1469.5 4
1470.5 2
1471.5 4
1472.5 8
1473.5 8
1474.5 3
1475.5 3
1476.5 4
1477.5 3
1478.5 7
1479.5 2
1480.5 2
1481.5 7
1482.5 7
1483.5 3
1485.5 4
1486.5 3
1487.5 6
1488.5 4
1489.5 5
1490.5 1
1491.5 5
1494.5 2
1495.5 3
1496.5 5
1497.5 4
1498.5 5
1499.5 4
1500.5 3
1501.5 4
1503.5 3
1504.5 4
1506.5 5
1508.5 3
1509.5 1
1510.5 4
1511.5 3
1512.5 2
1513.5 3
1514.5 4
1515.5 1
1516.5 3
1518.5 2
1519.5 4
1520.5 2
1521.5 2
1523.5 1
1524.5 1
1525.5 4
1526.5 2
1528.5 4
1529.5 1
1530.5 2
1533.5 3
1535.5 1
1536.5 3
1537.5 2
1538.5 1
1539.5 1
1540.5 1
1541.5 1
1542.5 4
1545.5 2
1546.5 3
1547.5 1
1548.5 1
1549.5 3
1551.5 3
1552.5 2
1553.5 3
1554.5 2
1555.5 2
1556.5 3
1557.5 5
1558.5 3
1559.5 3
1560.5 4
1561.5 2
1562.5 2
1563.5 3
1564.5 5
1565.5 3
1566.5 3
1567.5 7
1568.5 3
1569.5 1
1570.5 6
1571.5 3
1572.5 3
1573.5 4
1574.5 3
1575.5 5
1576.5 1
1577.5 5
1578.5 4
1579.5 6
1580.5 5
1581.5 7
1582.5 8
1583.5 3
1584.5 3
1585.5 5
1586.5 4
1587.5 2
1588.5 4
1589.5 5
1590.5 8
1591.5 4
1592.5 8
1593.5 1
1594.5 2
1595.5 4
1596.5 1
1597.5 4
1598.5 4
1599.5 5
1600.5 2
1601.5 2
1602.5 4
1603.5 5
1604.5 4
1605.5 3
1606.5 3
1607.5 3
1608.5 8
1609.5 7
1610.5 2
1611.5 1
1612.5 2
1613.5 4
1614.5 2
1615.5 5
1616.5 1
1617.5 1
1618.5 1
1619.5 1
1620.5 1
1621.5 1
1622.5 2
1623.5 3
1624.5 3
1625.5 3
1627.5 5
1628.5 3
1629.5 3
1630.5 5
1631.5 4
1632.5 4
1633.5 1
1634.5 2
1635.5 3
1636.5 1
1637.5 3
1638.5 2
1639.5 5
1640.5 4
1641.5 7
1642.5 5
1643.5 4
1644.5 1
1645.5 1
1646.5 2
1647.5 4
1648.5 4
1649.5 3
1650.5 5
1651.5 6
1652.5 3
1653.5 3
1654.5 2
1655.5 1
1656.5 1
1657.5 3
1658.5 4
1659.5 2
1660.5 6
1661.5 7
1662.5 3
1663.5 1
1664.5 3
1665.5 4
1666.5 6
1667.5 3
1668.5 2
1669.5 4
1670.5 3
1671.5 2
1672.5 7
1673.5 4
1674.5 1
1675.5 4
1676.5 2
1677.5 3
1678.5 5
1679.5 6
1680.5 3
1681.5 4
1682.5 3
1683.5 9
1684.5 3
1685.5 6
1686.5 7
1687.5 5
1688.5 5
1689.5 6
1690.5 8
1691.5 4
1692.5 8
1693.5 5
1694.5 7
1695.5 11
1696.5 10
1697.5 7
1698.5 12
1699.5 10
1700.5 10
1701.5 18
1702.5 9
1703.5 20
1704.5 8
1705.5 19
1706.5 24
1707.5 19
1708.5 24
1709.5 23
1710.5 31
1711.5 19
1712.5 37
1713.5 43
1714.5 43
1715.5 48
1716.5 48
1717.5 66
1718.5 56
1719.5 73
1720.5 80
1721.5 82
1722.5 100
1723.5 84
1724.5 101
1725.5 109
1726.5 121
1727.5 122
1728.5 104
1729.5 138
1730.5 143
1731.5 157
1732.5 129
1733.5 156
1734.5 159
1735.5 167
1736.5 140
1737.5 163
1738.5 181
1739.5 174
1740.5 192
1741.5 189
1742.5 168
1743.5 166
1744.5 183
1745.5 172
1746.5 202
1747.5 210
1748.5 191
1749.5 203
1750.5 201
1751.5 171
1752.5 168
1753.5 188
1754.5 157
1755.5 176
1756.5 154
1757.5 163
1758.5 162
1759.5 162
1760.5 171
1761.5 150
1762.5 170
1763.5 176
1764.5 177
1765.5 155
1766.5 166
1767.5 166
1768.5 181
1769.5 174
1770.5 153
1771.5 169
1772.5 179
1773.5 195
1774.5 161
1775.5 158
1776.5 141
1777.5 162
1778.5 154
1779.5 172
1780.5 159
1781.5 181
1782.5 169
1783.5 171
1784.5 151
1785.5 155
1786.5 167
1787.5 183
1788.5 180
1789.5 173
1790.5 169
1791.5 170
1792.5 174
1793.5 188
1794.5 196
1795.5 175
1796.5 183
1797.5 190
1798.5 164
1799.5 197
1800.5 185
1801.5 193
1802.5 193
1803.5 172
1804.5 154
1805.5 188
1806.5 164
1807.5 195
1808.5 171
1809.5 209
1810.5 201
1811.5 215
1812.5 198
1813.5 218
1814.5 208
1815.5 213
1816.5 173
1817.5 192
1818.5 206
1819.5 200
1820.5 202
1821.5 189
1822.5 182
1823.5 175
1824.5 168
1825.5 163
1826.5 173
1827.5 183
1828.5 193
1829.5 200
1830.5 220
1831.5 159
1832.5 204
1833.5 194
1834.5 210
1835.5 203
1836.5 167
1837.5 180
1838.5 190
1839.5 174
1840.5 189
1841.5 195
1842.5 200
1843.5 194
1844.5 194
1845.5 187
1846.5 208
1847.5 188
1848.5 201
1849.5 217
1850.5 208
1851.5 188
1852.5 213
1853.5 194
1854.5 207
1855.5 184
1856.5 185
1857.5 179
1858.5 214
1859.5 219
1860.5 191
1861.5 230
1862.5 206
1863.5 213
1864.5 183
1865.5 174
1866.5 209
1867.5 213
1868.5 216
1869.5 188
1870.5 210
1871.5 211
1872.5 217
1873.5 222
1874.5 241
1875.5 242
1876.5 196
1877.5 215
1878.5 212
1879.5 209
1880.5 208
1881.5 214
1882.5 198
1883.5 206
1884.5 204
1885.5 169
1886.5 183
1887.5 233
1888.5 219
1889.5 195
1890.5 239
1891.5 219
1892.5 223
1893.5 236
1894.5 243
1895.5 234
1896.5 180
1897.5 209
1898.5 238
1899.5 229
1900.5 228
1901.5 229
1902.5 250
1903.5 225
1904.5 228
1905.5 202
1906.5 194
1907.5 215
1908.5 225
1909.5 230
1910.5 225
1911.5 233
1912.5 222
1913.5 262
1914.5 240
1915.5 250
1916.5 242
1917.5 259
1918.5 233
1919.5 264
1920.5 280
1921.5 270
1922.5 251
1923.5 270
1924.5 240
1925.5 216
1926.5 265
1927.5 270
1928.5 256
1929.5 264
1930.5 219
1931.5 250
1932.5 248
1933.5 253
1934.5 238
1935.5 276
1936.5 259
1937.5 276
1938.5 274
1939.5 258
1940.5 297
1941.5 261
1942.5 276
1943.5 273
1944.5 284
1945.5 250
1946.5 254
1947.5 298
1948.5 268
1949.5 286
1950.5 274
1951.5 297
1952.5 265
1953.5 286
1954.5 281
1955.5 267
1956.5 271
1957.5 286
1958.5 284
1959.5 331
1960.5 334
1961.5 290
1962.5 327
1963.5 308
1964.5 308
1965.5 284
1966.5 319
1967.5 299
1968.5 307
1969.5 305
1970.5 307
1971.5 329
1972.5 336
1973.5 322
1974.5 363
1975.5 311
1976.5 328
1977.5 312
1978.5 314
1979.5 311
1980.5 324
1981.5 326
1982.5 293
1983.5 341
1984.5 293
1985.5 274
1986.5 277
1987.5 292
1988.5 268
1989.5 271
1990.5 280
1991.5 290
1992.5 276
1993.5 281
1994.5 276
1995.5 284
1996.5 311
1997.5 290
1998.5 272
1999.5 302
2000.5 261
2001.5 282
2002.5 284
2003.5 301
2004.5 246
2005.5 248
2006.5 254
2007.5 245
2008.5 270
2009.5 245
2010.5 254
2011.5 292
2012.5 291
2013.5 222
2014.5 271
2015.5 261
2016.5 263
2017.5 259
2018.5 223
2019.5 263
2020.5 284
2021.5 249
2022.5 246
2023.5 269
2024.5 166
2025.5 203
2026.5 234
2027.5 262
2028.5 230
2029.5 221
2030.5 237
2031.5 234
2032.5 209
2033.5 202
2034.5 234
2035.5 213
2036.5 193
2037.5 223
2038.5 191
2039.5 213
2040.5 180
2041.5 222
2042.5 198
2043.5 191
2044.5 183
2045.5 195
2046.5 173
2047.5 158
2048.5 171
2049.5 165
2050.5 181
2051.5 200
2052.5 146
2053.5 147
2054.5 158
2055.5 180
2056.5 140
2057.5 133
2058.5 125
2059.5 150
2060.5 111
2061.5 110
2062.5 113
2063.5 100
2064.5 78
2065.5 76
2066.5 78
2067.5 76
2068.5 75
2069.5 64
2070.5 51
2071.5 47
2072.5 51
2073.5 34
2074.5 43
2075.5 35
2076.5 31
2077.5 22
2078.5 20
2079.5 18
2080.5 12
2081.5 12
2082.5 12
2083.5 15
2084.5 5
2085.5 12
2086.5 8
2087.5 6
2088.5 6
2089.5 6
2090.5 6
2091.5 7
2092.5 3
2093.5 4
2094.5 7
2095.5 6
2096.5 5
2097.5 15
2098.5 5
2099.5 12
2100.5 8
2101.5 8
2102.5 12
2103.5 10
2104.5 13
2105.5 13
2106.5 15
2107.5 11
2108.5 17
2109.5 19
2110.5 19
2111.5 21
2112.5 26
2113.5 26
2114.5 24
2115.5 29
2116.5 38
2117.5 41
2118.5 40
2119.5 39
2120.5 39
2121.5 43
2122.5 51
2123.5 39
2124.5 29
2125.5 32
2126.5 32
2127.5 34
2128.5 18
2129.5 13
2130.5 11
2131.5 21
2132.5 27
2133.5 12
2134.5 4
2135.5 5
2136.5 9
2137.5 8
2138.5 4
2139.5 8
2140.5 5
2141.5 10
2142.5 6
2143.5 6
2144.5 4
2145.5 8
2146.5 9
2147.5 9
2148.5 4
2149.5 12
2150.5 9
2151.5 12
2152.5 6
2153.5 9
2154.5 13
2155.5 17
2156.5 21
2157.5 15
2158.5 17
2159.5 15
2160.5 17
2161.5 30
2162.5 27
2163.5 24
2164.5 34
2165.5 29
2166.5 26
2167.5 26
2168.5 17
2169.5 19
2170.5 9
2171.5 9
2172.5 13
2173.5 4
2174.5 4
2175.5 3
2176.5 2
2177.5 4
2178.5 6
2179.5 3
2180.5 4
2181.5 3
2182.5 5
2183.5 3
2184.5 1
2185.5 7
2186.5 6
2187.5 4
2189.5 2
2190.5 4
2191.5 4
2192.5 3
2193.5 7
2194.5 2
2195.5 3
2196.5 4
2197.5 2
2198.5 5
2199.5 4
2200.5 4
2202.5 6
2204.5 5
2205.5 3
2206.5 5
2207.5 3
2208.5 4
2209.5 3
2210.5 4
2211.5 4
2212.5 1
2213.5 4
2214.5 8
2215.5 6
2216.5 8
2217.5 7
2218.5 8
2219.5 5
2220.5 9
2221.5 11
2222.5 13
2223.5 12
2224.5 12
2225.5 16
2226.5 15
2227.5 15
2228.5 19
2229.5 24
2230.5 39
2231.5 28
2232.5 41
2233.5 40
2234.5 21
2235.5 20
2236.5 26
2237.5 35
2238.5 22
2239.5 34
2240.5 28
2241.5 19
2242.5 22
2243.5 28
2244.5 9
2245.5 7
2246.5 6
2247.5 6
2248.5 6
2249.5 7
2250.5 5
2251.5 3
2252.5 7
2253.5 3
2254.5 3
2255.5 3
2256.5 2
2257.5 1
2258.5 4
2259.5 3
2260.5 4
2261.5 2
2262.5 2
2263.5 2
2264.5 2
2265.5 3
2267.5 4
2268.5 4
2269.5 7
2270.5 3
2272.5 4
2273.5 5
2274.5 6
2275.5 5
2276.5 4
2277.5 4
2278.5 7
2279.5 8
2280.5 6
2281.5 4
2282.5 3
2283.5 3
2284.5 9
2285.5 2
2286.5 3
2287.5 3
2288.5 2
2289.5 1
2290.5 6
2291.5 4
2292.5 2
2293.5 4
2294.5 6
2295.5 6
2296.5 2
2297.5 3
2298.5 6
2299.5 5
2300.5 3
2301.5 8
2302.5 6
2303.5 6
2304.5 3
2305.5 3
2306.5 9
2307.5 5
2308.5 4
2309.5 4
2310.5 4
2311.5 8
2312.5 3
2313.5 3
2314.5 4
2315.5 3
2316.5 11
2317.5 3
2318.5 4
2319.5 7
2320.5 7
2321.5 4
2322.5 3
2323.5 6
2324.5 8
2325.5 9
2326.5 5
2327.5 7
2328.5 3
2329.5 7
2330.5 7
2331.5 2
2332.5 7
2333.5 4
2334.5 5
2335.5 8
2336.5 9
2337.5 3
2338.5 5
2339.5 7
2340.5 6
2341.5 5
2342.5 8
2343.5 7
2344.5 4
2345.5 3
2346.5 8
2347.5 4
2348.5 3
2349.5 7
2350.5 8
2351.5 5
2352.5 7
2353.5 6
2354.5 7
2355.5 9
2356.5 6
2357.5 6
2358.5 7
2359.5 6
2360.5 5
2361.5 5
2362.5 9
2363.5 6
2364.5 5
2365.5 4
2366.5 5
2367.5 6
2368.5 8
2369.5 9
2370.5 11
2371.5 5
2372.5 7
2373.5 8
2374.5 2
2375.5 7
2376.5 7
2377.5 3
2378.5 5
2379.5 5
2380.5 5
2381.5 6
2382.5 4
2383.5 7
2384.5 1
2385.5 6
2386.5 3
2387.5 5
2388.5 9
2389.5 4
2390.5 6
2391.5 9
2392.5 6
2393.5 5
2394.5 7
2395.5 10
2396.5 8
2397.5 7
2398.5 7
2399.5 1
2400.5 9
2401.5 5
2402.5 10
2403.5 5
2404.5 10
2405.5 5
2406.5 6
2407.5 3
2408.5 6
2409.5 6
2410.5 3
2411.5 10
2412.5 10
2413.5 9
2414.5 11
2415.5 12
2416.5 9
2417.5 11
2418.5 12
2419.5 8
2420.5 10
2421.5 8
2422.5 7
2423.5 7
2424.5 6
2425.5 6
2426.5 6
2427.5 6
2428.5 3
2429.5 7
2430.5 7
2431.5 7
2432.5 5
2433.5 3
2434.5 9
2435.5 4
2436.5 2
2437.5 5
2438.5 2
2439.5 1
2440.5 3
2441.5 2
2442.5 3
2443.5 3
2444.5 3
2445.5 4
2446.5 3
2447.5 1
2448.5 5
2449.5 4
2450.5 4
2451.5 3
2452.5 4
2453.5 2
2454.5 4
2455.5 5
2456.5 5
2457.5 2
2458.5 4
2459.5 7
2460.5 9
2461.5 8
2462.5 7
2463.5 7
2464.5 9
2465.5 9
2466.5 11
2467.5 10
2468.5 8
2469.5 12
2470.5 11
2471.5 11
2472.5 10
2473.5 11
2474.5 11
2475.5 5
2476.5 10
2477.5 6
2478.5 5
2479.5 10
2480.5 6
2481.5 7
2482.5 3
2483.5 1
2484.5 2
2485.5 1
2486.5 4
2487.5 2
2488.5 5
2489.5 1
2490.5 1
2491.5 3
2492.5 2
2494.5 2
2496.5 5
2497.5 4
2498.5 5
2499.5 2
2500.5 7
2501.5 6
2502.5 3
2503.5 1
2504.5 5
2505.5 2
2506.5 9
2507.5 10
2508.5 9
2509.5 5
2510.5 12
2511.5 15
2512.5 13
2513.5 19
2514.5 25
2515.5 45
2516.5 97
2517.5 1
2518.5 1
2519.5 2
2520.5 1
2521.5 3
2522.5 1
2526.5 1
