0.5 2602
15.5 1
16.5 1
17.5 1
19.5 2
20.5 4
21.5 2
22.5 4
23.5 8
24.5 3
25.5 6
26.5 5
27.5 4
28.5 7
29.5 4
30.5 9
31.5 5
32.5 12
33.5 6
34.5 14
35.5 11
36.5 13
37.5 15
38.5 8
39.5 17
40.5 12
41.5 19
42.5 15
43.5 17
44.5 22
45.5 29
46.5 27
47.5 22
48.5 30
49.5 36
50.5 31
51.5 44
52.5 53
53.5 46
54.5 62
55.5 62
56.5 67
57.5 79
58.5 79
59.5 67
60.5 76
61.5 70
62.5 42
63.5 44
64.5 39
65.5 28
66.5 23
67.5 15
68.5 14
69.5 9
70.5 6
71.5 2
72.5 6
73.5 3
74.5 6
75.5 3
77.5 3
78.5 9
79.5 1
80.5 3
81.5 8
82.5 6
83.5 5
84.5 4
85.5 3
86.5 6
87.5 3
88.5 4
89.5 10
90.5 3
91.5 11
92.5 3
93.5 8
94.5 6
95.5 6
96.5 7
97.5 4
98.5 4
99.5 6
100.5 5
101.5 3
102.5 5
103.5 7
104.5 10
105.5 7
106.5 3
107.5 6
108.5 3
109.5 6
110.5 4
111.5 3
112.5 6
113.5 11
114.5 8
115.5 6
116.5 9
117.5 6
118.5 7
119.5 4
120.5 9
121.5 7
122.5 7
123.5 9
124.5 7
125.5 3
126.5 4
127.5 6
128.5 6
129.5 7
130.5 5
131.5 1
132.5 6
133.5 6
134.5 7
135.5 5
136.5 9
137.5 6
138.5 2
139.5 3
140.5 7
141.5 1
142.5 5
143.5 3
144.5 5
145.5 9
146.5 6
147.5 8
148.5 8
149.5 8
150.5 3
151.5 4
152.5 4
153.5 5
154.5 3
155.5 8
156.5 2
158.5 2
159.5 3
160.5 2
161.5 5
162.5 2
163.5 1
164.5 1
165.5 3
166.5 5
167.5 2
168.5 4
169.5 3
170.5 1
171.5 3
172.5 3
173.5 1
174.5 3
175.5 4
176.5 4
177.5 2
178.5 4
179.5 2
180.5 8
181.5 4
182.5 7
183.5 5
184.5 2
185.5 1
186.5 3
187.5 3
188.5 4
189.5 5
190.5 5
191.5 1
192.5 2
193.5 5
194.5 7
195.5 5
196.5 4
197.5 2
198.5 6
199.5 9
200.5 5
201.5 10
202.5 7
203.5 9
204.5 8
205.5 9
206.5 6
207.5 15
208.5 21
209.5 16
210.5 17
211.5 19
212.5 19
213.5 27
214.5 25
215.5 33
216.5 37
217.5 40
218.5 47
219.5 55
220.5 58
221.5 57
222.5 45
223.5 43
224.5 49
225.5 41
226.5 43
227.5 34
228.5 32
229.5 24
230.5 20
231.5 20
232.5 17
233.5 15
234.5 11
235.5 15
236.5 11
237.5 13
238.5 18
239.5 15
240.5 12
241.5 15
242.5 15
243.5 13
244.5 9
245.5 16
246.5 10
247.5 7
248.5 6
249.5 2
250.5 2
251.5 2
253.5 3
255.5 4
256.5 2
257.5 1
258.5 2
260.5 1
261.5 4
262.5 3
263.5 3
264.5 1
265.5 3
266.5 1
267.5 5
268.5 4
269.5 5
271.5 3
272.5 4
273.5 5
274.5 4
275.5 6
276.5 3
277.5 11
278.5 3
279.5 5
280.5 2
281.5 5
282.5 9
283.5 7
284.5 2
285.5 5
286.5 8
287.5 5
288.5 6
289.5 9
290.5 6
291.5 6
292.5 3
293.5 5
294.5 7
295.5 8
296.5 2
297.5 6
298.5 3
299.5 4
300.5 5
301.5 5
302.5 8
303.5 12
304.5 4
305.5 4
306.5 8
307.5 4
308.5 5
309.5 10
310.5 11
311.5 7
312.5 8
313.5 8
314.5 7
315.5 6
316.5 10
317.5 19
318.5 16
319.5 20
320.5 25
321.5 17
322.5 28
323.5 26
324.5 52
325.5 64
326.5 57
327.5 73
328.5 53
329.5 68
330.5 51
331.5 48
332.5 51
333.5 34
334.5 25
335.5 24
336.5 13
337.5 17
338.5 13
339.5 5
340.5 11
341.5 1
342.5 6
343.5 6
344.5 1
345.5 2
346.5 1
347.5 3
348.5 2
349.5 1
350.5 1
351.5 6
352.5 5
353.5 9
354.5 10
355.5 12
356.5 9
357.5 11
358.5 7
359.5 14
360.5 11
361.5 8
362.5 2
363.5 10
364.5 5
365.5 7
366.5 3
367.5 8
368.5 3
369.5 4
370.5 7
371.5 5
372.5 1
373.5 4
374.5 4
375.5 4
376.5 2
377.5 4
378.5 1
379.5 4
380.5 5
381.5 1
382.5 6
383.5 1
384.5 5
385.5 3
386.5 2
387.5 3
388.5 5
389.5 3
390.5 5
391.5 5
392.5 2
393.5 2
394.5 1
395.5 4
396.5 5
397.5 4
398.5 4
399.5 2
400.5 4
401.5 2
402.5 5
403.5 4
404.5 5
405.5 10
406.5 3
407.5 5
408.5 4
409.5 7
410.5 14
411.5 3
412.5 11
413.5 5
414.5 12
415.5 4
416.5 5
417.5 4
418.5 1
419.5 2
420.5 5
422.5 1
423.5 3
424.5 4
425.5 3
427.5 4
428.5 1
429.5 2
430.5 1
431.5 2
432.5 3
433.5 3
434.5 1
435.5 3
436.5 2
437.5 5
438.5 1
439.5 1
440.5 2
443.5 1
444.5 1
446.5 1
448.5 3
450.5 4
452.5 3
453.5 3
454.5 4
455.5 1
456.5 2
457.5 4
458.5 4
459.5 2
460.5 1
461.5 3
462.5 2
463.5 3
464.5 2
465.5 1
466.5 4
467.5 3
468.5 6
469.5 5
470.5 5
471.5 3
472.5 4
473.5 10
474.5 5
475.5 2
476.5 9
477.5 11
478.5 11
479.5 4
480.5 10
481.5 14
482.5 6
483.5 21
484.5 21
485.5 14
486.5 20
487.5 27
488.5 18
489.5 26
490.5 26
491.5 39
492.5 42
493.5 38
494.5 56
495.5 58
496.5 82
497.5 99
498.5 82
499.5 103
500.5 131
501.5 139
502.5 152
503.5 163
504.5 217
505.5 226
506.5 283
507.5 328
508.5 353
509.5 402
510.5 403
511.5 476
512.5 491
513.5 535
514.5 533
515.5 620
516.5 689
517.5 626
518.5 567
519.5 579
520.5 608
521.5 701
522.5 642
523.5 703
524.5 680
525.5 722
526.5 758
527.5 671
528.5 751
529.5 777
530.5 770
531.5 748
532.5 772
533.5 755
534.5 821
535.5 889
536.5 1450
537.5 1196
538.5 664
539.5 483
540.5 499
541.5 505
542.5 547
543.5 566
544.5 581
545.5 642
546.5 651
547.5 659
548.5 661
549.5 634
550.5 612
551.5 648
552.5 621
553.5 639
554.5 663
555.5 671
556.5 633
557.5 625
558.5 598
559.5 554
560.5 531
561.5 711
562.5 1155
563.5 1412
564.5 942
565.5 884
566.5 845
567.5 789
568.5 819
569.5 821
570.5 780
571.5 838
572.5 786
573.5 790
574.5 859
575.5 837
576.5 809
577.5 785
578.5 758
579.5 804
580.5 859
581.5 813
582.5 801
583.5 809
584.5 809
585.5 861
586.5 884
587.5 860
588.5 855
589.5 848
590.5 903
591.5 898
592.5 886
593.5 842
594.5 932
595.5 952
596.5 901
597.5 843
598.5 878
599.5 900
600.5 930
601.5 915
602.5 874
603.5 871
604.5 909
605.5 985
606.5 949
607.5 894
608.5 973
609.5 981
610.5 941
611.5 968
612.5 961
613.5 952
614.5 1055
615.5 1057
616.5 961
617.5 1010
618.5 1021
619.5 1038
620.5 1062
621.5 1038
622.5 989
623.5 965
624.5 1032
625.5 1076
626.5 1011
627.5 1051
628.5 993
629.5 1039
630.5 982
631.5 992
632.5 999
633.5 938
634.5 1040
635.5 973
636.5 959
637.5 830
638.5 865
639.5 854
640.5 882
641.5 843
642.5 745
643.5 766
644.5 752
645.5 730
646.5 792
647.5 718
648.5 692
649.5 661
650.5 630
651.5 630
652.5 637
653.5 604
654.5 590
655.5 575
656.5 483
657.5 445
658.5 436
659.5 437
660.5 402
661.5 391
662.5 401
663.5 357
664.5 323
665.5 286
666.5 288
667.5 238
668.5 210
669.5 188
670.5 156
671.5 127
672.5 112
673.5 86
674.5 64
675.5 50
676.5 49
677.5 24
678.5 22
679.5 13
680.5 14
681.5 10
682.5 5
683.5 8
684.5 2
685.5 3
686.5 2
687.5 6
688.5 4
689.5 3
690.5 2
691.5 4
692.5 1
693.5 3
694.5 1
695.5 3
696.5 3
697.5 5
698.5 2
699.5 4
700.5 4
701.5 1
702.5 3
703.5 4
704.5 3
705.5 4
706.5 5
707.5 4
708.5 3
709.5 2
710.5 2
711.5 4
712.5 1
713.5 5
714.5 3
715.5 7
716.5 5
717.5 4
718.5 7
719.5 6
720.5 7
721.5 8
722.5 4
723.5 3
724.5 5
725.5 3
726.5 4
727.5 4
728.5 1
729.5 5
730.5 6
731.5 4
732.5 3
733.5 3
734.5 5
735.5 4
736.5 6
737.5 5
738.5 5
739.5 3
740.5 4
741.5 10
742.5 2
743.5 6
744.5 2
745.5 5
746.5 4
747.5 4
748.5 2
749.5 1
750.5 1
751.5 1
752.5 2
754.5 2
755.5 1
756.5 1
757.5 2
760.5 3
761.5 3
763.5 1
765.5 1
766.5 3
767.5 3
768.5 2
769.5 2
770.5 3
771.5 4
772.5 1
773.5 5
774.5 2
775.5 2
776.5 3
777.5 1
778.5 8
779.5 3
780.5 1
781.5 2
782.5 1
783.5 1
784.5 1
786.5 2
787.5 1
788.5 1
789.5 3
791.5 4
792.5 1
793.5 1
794.5 2
795.5 2
796.5 2
797.5 1
798.5 4
799.5 1
800.5 3
801.5 4
802.5 2
804.5 2
805.5 1
806.5 1
807.5 1
808.5 2
809.5 1
810.5 4
811.5 1
812.5 1
814.5 1
815.5 1
816.5 1
818.5 1
819.5 3
820.5 2
821.5 1
822.5 1
823.5 2
824.5 3
826.5 2
827.5 1
829.5 1
830.5 1
833.5 1
834.5 1
836.5 1
837.5 2
838.5 1
839.5 3
840.5 3
841.5 1
842.5 1
846.5 2
847.5 1
849.5 1
850.5 1
852.5 1
853.5 2
854.5 2
855.5 1
856.5 2
857.5 3
858.5 1
859.5 3
860.5 2
861.5 2
862.5 1
863.5 2
864.5 4
865.5 1
866.5 2
867.5 2
868.5 2
869.5 2
870.5 1
871.5 3
872.5 3
873.5 3
874.5 3
875.5 2
876.5 2
878.5 4
879.5 1
880.5 3
881.5 2
882.5 2
883.5 5
884.5 3
885.5 3
886.5 4
887.5 5
888.5 1
889.5 1
890.5 4
891.5 3
892.5 3
893.5 3
894.5 3
895.5 2
896.5 3
898.5 3
899.5 3
900.5 2
901.5 4
902.5 3
903.5 3
904.5 2
905.5 2
906.5 3
907.5 1
908.5 1
909.5 2
910.5 3
911.5 1
912.5 1
913.5 1
914.5 1
915.5 1
916.5 2
918.5 1
919.5 4
920.5 1
921.5 1
923.5 1
924.5 2
925.5 1
926.5 2
927.5 5
928.5 2
929.5 3
930.5 5
931.5 3
932.5 2
933.5 10
934.5 5
935.5 3
936.5 3
937.5 3
938.5 3
939.5 2
940.5 4
941.5 3
942.5 3
943.5 4
944.5 5
945.5 5
946.5 1
947.5 3
948.5 2
949.5 3
950.5 1
951.5 1
952.5 2
953.5 3
954.5 1
955.5 3
957.5 2
958.5 2
959.5 1
960.5 4
961.5 2
962.5 2
963.5 1
964.5 1
965.5 4
966.5 4
967.5 4
968.5 6
969.5 6
970.5 1
971.5 3
972.5 2
973.5 7
974.5 9
975.5 1
976.5 8
977.5 1
978.5 4
979.5 5
980.5 6
981.5 1
982.5 10
983.5 4
984.5 6
985.5 8
986.5 7
987.5 7
988.5 6
989.5 13
990.5 11
991.5 18
992.5 5
993.5 11
994.5 15
995.5 23
996.5 24
997.5 28
998.5 34
999.5 33
1000.5 40
1001.5 47
1002.5 36
1003.5 56
1004.5 46
1005.5 40
1006.5 31
1007.5 53
1008.5 32
1009.5 35
1010.5 28
1011.5 22
1012.5 26
1013.5 16
1014.5 6
1015.5 6
1016.5 5
1017.5 4
1018.5 6
1019.5 1
1020.5 3
1022.5 3
1024.5 1
1025.5 3
1026.5 1
1027.5 3
1029.5 1
1030.5 1
1031.5 2
1033.5 1
1034.5 1
1035.5 1
1036.5 1
1037.5 2
1038.5 1
1039.5 2
1040.5 2
1041.5 2
1042.5 2
1043.5 1
1044.5 2
1045.5 1
1046.5 2
1047.5 3
1048.5 2
1049.5 1
1050.5 6
1051.5 1
1052.5 5
1053.5 5
1054.5 7
1055.5 8
1056.5 5
1057.5 9
1058.5 6
1059.5 10
1060.5 11
1061.5 10
1062.5 16
1063.5 23
1064.5 17
1065.5 25
1066.5 24
1067.5 22
1068.5 25
1069.5 21
1070.5 16
1071.5 19
1072.5 19
1073.5 16
1074.5 3
1075.5 5
1076.5 3
1077.5 4
1078.5 1
1079.5 1
1080.5 2
1084.5 1
1085.5 3
1086.5 2
1087.5 3
1089.5 2
1090.5 2
1091.5 2
1092.5 1
1093.5 3
1094.5 3
1096.5 1
1097.5 3
1098.5 3
1099.5 1
1100.5 2
1101.5 2
1102.5 1
1105.5 1
1106.5 1
1110.5 1
1112.5 2
1113.5 3
1114.5 4
1115.5 1
1117.5 1
1118.5 3
1120.5 2
1121.5 1
1122.5 2
1123.5 1
1124.5 1
1125.5 1
1126.5 4
1128.5 2
1130.5 2
1131.5 2
1132.5 1
1133.5 2
1134.5 5
1135.5 3
1137.5 4
1139.5 2
1140.5 2
1141.5 4
1142.5 4
1143.5 1
1144.5 6
1145.5 3
1146.5 4
1147.5 2
1148.5 5
1149.5 5
1150.5 4
1151.5 4
1152.5 5
1153.5 3
1154.5 6
1155.5 1
1156.5 2
1157.5 1
1158.5 3
1159.5 1
1160.5 4
1161.5 1
1163.5 3
1164.5 1
1169.5 5
1170.5 3
1171.5 2
1172.5 3
1173.5 2
1174.5 2
1175.5 1
1176.5 3
1177.5 4
1178.5 6
1179.5 3
1180.5 2
1181.5 2
1182.5 3
1183.5 6
1184.5 8
1185.5 12
1186.5 9
1187.5 7
1188.5 7
1189.5 12
1190.5 8
1191.5 17
1192.5 10
1193.5 14
1194.5 11
1195.5 13
1196.5 20
1197.5 17
1198.5 19
1199.5 24
1200.5 21
1201.5 26
1202.5 35
1203.5 27
1204.5 27
1205.5 33
1206.5 42
1207.5 48
1208.5 44
1209.5 49
1210.5 40
1211.5 36
1212.5 43
1213.5 25
1214.5 20
1215.5 12
1216.5 8
1217.5 11
1218.5 11
1219.5 11
1220.5 12
1221.5 12
1222.5 18
1223.5 11
1224.5 16
1225.5 14
1226.5 23
1227.5 27
1228.5 20
1229.5 35
1230.5 30
1231.5 17
1232.5 38
1233.5 48
1234.5 41
1235.5 63
1236.5 44
1237.5 56
1238.5 83
1239.5 100
1240.5 108
1241.5 115
1242.5 124
1243.5 164
1244.5 172
1245.5 199
1246.5 216
1247.5 234
1248.5 241
1249.5 226
1250.5 225
1251.5 202
1252.5 187
1253.5 161
1254.5 138
1255.5 99
1256.5 83
1257.5 60
1258.5 30
1259.5 27
1260.5 24
1261.5 11
1262.5 6
1263.5 5
1265.5 2
1267.5 3
1268.5 2
1269.5 2
1270.5 2
1271.5 1
1272.5 1
1273.5 1
1277.5 2
1278.5 3
1279.5 3
1280.5 1
1281.5 3
1282.5 5
1283.5 4
1284.5 9
1285.5 2
1286.5 3
1287.5 4
1288.5 11
1289.5 5
1290.5 2
1291.5 8
1292.5 7
1293.5 8
1294.5 7
1295.5 5
1296.5 4
1297.5 2
1299.5 2
1300.5 4
1301.5 2
1302.5 2
1303.5 3
1304.5 3
1305.5 5
1306.5 3
1307.5 3
1308.5 7
1309.5 4
1310.5 5
1311.5 7
1312.5 3
1313.5 5
1314.5 1
1315.5 1
1317.5 5
1318.5 1
1319.5 1
1323.5 4
1327.5 2
1329.5 3
1330.5 2
1331.5 4
1332.5 1
1333.5 8
1334.5 1
1335.5 3
1336.5 3
1337.5 2
1339.5 6
1340.5 7
1341.5 9
1342.5 7
1343.5 7
1344.5 1
1345.5 5
1346.5 1
1347.5 5
1348.5 4
1349.5 2
1350.5 6
1351.5 9
1352.5 4
1353.5 8
1354.5 5
1355.5 3
1356.5 7
1357.5 4
1358.5 3
1359.5 4
1360.5 3
1361.5 5
1362.5 9
1363.5 3
1364.5 4
1365.5 2
1366.5 6
1367.5 2
1368.5 1
1369.5 4
1370.5 4
1371.5 3
1372.5 1
1373.5 5
1374.5 2
1375.5 1
1376.5 2
1377.5 3
1378.5 2
1379.5 4
1380.5 2
1381.5 1
1382.5 1
1383.5 1
1385.5 1
1388.5 1
1391.5 2
1392.5 1
1393.5 3
1397.5 2
1402.5 1
1405.5 1
1406.5 1
1409.5 2
1410.5 1
1411.5 2
1412.5 1
1413.5 1
1415.5 1
1416.5 2
1418.5 1
1419.5 1
1420.5 1
1421.5 3
1423.5 2
1426.5 2
1427.5 1
1428.5 1
1429.5 1
1430.5 3
1431.5 3
1433.5 2
1434.5 4
1435.5 1
1436.5 2
1437.5 2
1438.5 1
1439.5 1
1441.5 3
1442.5 2
1443.5 2
1444.5 3
1445.5 3
1446.5 7
1447.5 6
1448.5 2
1449.5 7
1450.5 3
1451.5 1
1452.5 2
1453.5 6
1454.5 6
1455.5 11
1456.5 6
1457.5 7
1458.5 6
1459.5 13
1460.5 9
1461.5 14
1462.5 11
1463.5 11
1464.5 18
1465.5 11
1466.5 20
1467.5 18
1468.5 16
1469.5 19
1470.5 33
1471.5 30
1472.5 31
1473.5 41
1474.5 59
1475.5 53
1476.5 57
1477.5 52
1478.5 66
1479.5 97
1480.5 84
1481.5 92
1482.5 93
1483.5 88
1484.5 95
1485.5 74
1486.5 81
1487.5 68
1488.5 53
1489.5 34
1490.5 28
1491.5 18
1492.5 18
1493.5 14
1494.5 10
1495.5 5
1496.5 5
1497.5 4
1498.5 2
1499.5 4
1500.5 1
1501.5 7
1502.5 6
1503.5 5
1504.5 4
1505.5 4
1506.5 4
1507.5 3
1508.5 4
1509.5 9
1510.5 3
1511.5 9
1512.5 15
1513.5 13
1514.5 15
1515.5 10
1516.5 19
1517.5 22
1518.5 21
1519.5 23
1520.5 27
1521.5 30
1522.5 15
1523.5 24
1524.5 23
1525.5 28
1526.5 23
1527.5 15
1528.5 15
1529.5 13
1530.5 11
1531.5 13
1532.5 8
1533.5 7
1534.5 4
1535.5 2
1536.5 8
1537.5 4
1539.5 1
1540.5 3
1541.5 2
1542.5 5
1543.5 4
1544.5 3
1545.5 1
1546.5 3
1547.5 1
1548.5 7
1549.5 4
1550.5 4
1551.5 6
1552.5 4
1553.5 2
1554.5 2
1555.5 1
1556.5 2
1557.5 1
1558.5 4
1559.5 1
1560.5 3
1561.5 5
1562.5 5
1563.5 3
1565.5 1
1566.5 4
1567.5 5
1568.5 5
1569.5 2
1570.5 3
1571.5 7
1572.5 9
1573.5 2
1574.5 7
1575.5 7
1576.5 3
1577.5 8
1578.5 4
1579.5 5
1580.5 6
1581.5 9
1582.5 3
1583.5 7
1584.5 4
1585.5 8
1586.5 6
1587.5 5
1588.5 10
1589.5 13
1590.5 7
1591.5 10
1592.5 14
1593.5 17
1594.5 13
1595.5 16
1596.5 14
1597.5 12
1598.5 15
1599.5 17
1600.5 27
1601.5 26
1602.5 30
1603.5 35
1604.5 35
1605.5 36
1606.5 40
1607.5 58
1608.5 63
1609.5 74
1610.5 94
1611.5 116
1612.5 118
1613.5 100
1614.5 124
1615.5 131
1616.5 93
1617.5 106
1618.5 93
1619.5 107
1620.5 85
1621.5 76
1622.5 66
1623.5 67
1624.5 30
1625.5 37
1626.5 37
1627.5 24
1628.5 17
1629.5 13
1630.5 14
1631.5 18
1632.5 11
1633.5 20
1634.5 19
1635.5 18
1636.5 11
1637.5 10
1638.5 21
1639.5 18
1640.5 23
1641.5 20
1642.5 28
1643.5 22
1644.5 29
1645.5 20
1646.5 14
1647.5 19
1648.5 15
1649.5 17
1650.5 16
1651.5 18
1652.5 6
1653.5 9
1654.5 8
1655.5 7
1656.5 4
1657.5 3
1658.5 9
1659.5 5
1660.5 5
1661.5 4
1662.5 6
1663.5 8
1664.5 6
1665.5 1
1666.5 7
1667.5 6
1668.5 8
1669.5 6
1670.5 2
1671.5 6
1672.5 5
1673.5 7
1674.5 3
1675.5 3
1676.5 2
1677.5 6
1678.5 1
1679.5 4
1681.5 1
1682.5 1
1684.5 3
1685.5 3
1686.5 3
1687.5 3
1688.5 1
1690.5 3
1691.5 2
1692.5 3
1696.5 2
1697.5 3
1698.5 4
1699.5 3
1700.5 2
1702.5 1
1703.5 4
1705.5 3
1708.5 2
1709.5 2
1710.5 4
1711.5 2
1712.5 2
1713.5 3
1714.5 6
1715.5 2
1716.5 1
1717.5 3
1718.5 4
1720.5 1
1721.5 1
1722.5 1
1723.5 2
1724.5 1
1725.5 1
1727.5 2
1728.5 1
1731.5 1
1732.5 1
1733.5 1
1735.5 1
1736.5 1
1737.5 1
1738.5 1
1740.5 1
1741.5 3
1743.5 1
1745.5 1
1746.5 2
1747.5 2
1748.5 1
1753.5 2
1754.5 1
1756.5 1
1757.5 1
1759.5 4
1760.5 1
1762.5 2
1763.5 1
1765.5 1
1766.5 1
1767.5 2
1768.5 2
1772.5 3
1774.5 1
1778.5 1
1779.5 2
1780.5 4
1781.5 2
1782.5 5
1784.5 2
1785.5 4
1786.5 1
1787.5 4
1788.5 6
1789.5 5
1790.5 6
1791.5 7
1792.5 4
1793.5 4
1794.5 4
1795.5 3
1796.5 1
1797.5 9
1799.5 4
1800.5 5
1801.5 5
1802.5 5
1803.5 3
1804.5 4
1805.5 1
1806.5 2
1807.5 1
1809.5 3
1811.5 3
1813.5 1
1814.5 3
1815.5 2
1817.5 2
1819.5 1
1820.5 2
1821.5 1
1823.5 2
1825.5 2
1826.5 1
1827.5 1
1828.5 1
1829.5 2
1831.5 1
1832.5 1
1834.5 1
1836.5 1
1840.5 1
1841.5 3
1842.5 1
1843.5 5
1844.5 1
1845.5 3
1846.5 3
1847.5 3
1848.5 8
1849.5 3
1850.5 4
1851.5 2
1852.5 2
1853.5 3
1854.5 4
1855.5 3
1856.5 9
1857.5 4
1858.5 5
1859.5 9
1860.5 13
1861.5 9
1862.5 8
1863.5 9
1864.5 14
1865.5 17
1866.5 16
1867.5 20
1868.5 20
1869.5 23
1870.5 30
1871.5 24
1872.5 29
1873.5 35
1874.5 37
1875.5 21
1876.5 28
1877.5 27
1878.5 21
1879.5 23
1880.5 20
1881.5 15
1882.5 10
1883.5 6
1884.5 11
1885.5 7
1886.5 3
1887.5 7
1888.5 3
1889.5 1
1890.5 5
1893.5 3
1895.5 2
1896.5 3
1897.5 4
1899.5 1
1900.5 2
1901.5 4
1902.5 2
1903.5 1
1904.5 2
1905.5 1
1906.5 2
1907.5 1
1908.5 2
1909.5 4
1911.5 1
1912.5 1
1913.5 2
1916.5 1
1917.5 2
1918.5 2
1919.5 2
1920.5 5
1921.5 4
1922.5 2
1924.5 2
1925.5 1
1926.5 1
1928.5 3
1929.5 4
1930.5 1
1931.5 2
1932.5 1
1933.5 2
1936.5 2
1937.5 1
1938.5 1
1939.5 1
1940.5 2
1941.5 1
1942.5 3
1943.5 1
1944.5 3
1946.5 4
1947.5 3
1948.5 1
1949.5 5
1950.5 2
1951.5 2
1952.5 1
1953.5 3
1955.5 1
1957.5 1
1958.5 1
1961.5 2
1962.5 1
1963.5 2
1964.5 3
1966.5 1
1967.5 1
1968.5 2
1969.5 2
1970.5 1
1974.5 1
1979.5 1
1981.5 2
1982.5 1
1983.5 1
1984.5 1
1985.5 1
1992.5 1
1996.5 1
2000.5 1
2002.5 1
2004.5 1
2010.5 1
2011.5 1
2015.5 1
2021.5 1
2022.5 2
2027.5 1
2029.5 1
2032.5 1
2038.5 1
2039.5 1
2042.5 1
2044.5 2
2045.5 1
2048.5 2
2050.5 1
2051.5 1
2054.5 2
2056.5 1
2057.5 1
2058.5 1
2061.5 1
2062.5 1
2063.5 2
2065.5 3
2066.5 1
2068.5 1
2069.5 2
2070.5 4
2071.5 1
2072.5 2
2073.5 2
2074.5 1
2075.5 3
2076.5 3
2077.5 5
2079.5 2
2080.5 5
2081.5 3
2082.5 3
2083.5 3
2084.5 1
2085.5 3
2086.5 3
2087.5 4
2088.5 1
2089.5 2
2090.5 3
2091.5 10
2092.5 4
2093.5 6
2094.5 7
2095.5 5
2096.5 6
2097.5 9
2098.5 11
2099.5 10
2100.5 8
2101.5 12
2102.5 14
2103.5 8
2104.5 9
2105.5 10
2106.5 13
2107.5 9
2108.5 13
2109.5 13
2110.5 17
2111.5 14
2112.5 10
2113.5 13
2114.5 12
2115.5 18
2116.5 17
2117.5 27
2118.5 25
2119.5 14
2120.5 24
2121.5 17
2122.5 22
2123.5 26
2124.5 26
2125.5 18
2126.5 30
2127.5 29
2128.5 28
2129.5 32
2130.5 40
2131.5 55
2132.5 61
2133.5 72
2134.5 60
2135.5 76
2136.5 67
2137.5 89
2138.5 86
2139.5 91
2140.5 99
2141.5 84
2142.5 110
2143.5 98
2144.5 90
2145.5 113
2146.5 132
2147.5 130
2148.5 176
2149.5 195
2150.5 194
2151.5 206
2152.5 223
2153.5 251
2154.5 274
2155.5 337
2156.5 404
2157.5 402
2158.5 429
2159.5 487
2160.5 532
2161.5 626
2162.5 674
2163.5 704
2164.5 640
2165.5 663
2166.5 661
2167.5 543
2168.5 428
2169.5 326
2170.5 209
2171.5 150
2172.5 129
2173.5 72
2174.5 66
2175.5 34
2176.5 27
2177.5 13
2178.5 12
2179.5 9
2180.5 6
2181.5 3
2182.5 3
2183.5 1
2184.5 2
2185.5 2
2188.5 1
2189.5 2
2190.5 2
2191.5 1
2192.5 1
2193.5 3
2194.5 2
2196.5 2
2197.5 4
2198.5 2
2199.5 1
2200.5 6
2201.5 7
2203.5 2
2204.5 5
2205.5 3
2206.5 2
2207.5 2
2208.5 9
2209.5 3
2210.5 3
2211.5 7
2212.5 6
2213.5 7
2214.5 12
2215.5 7
2216.5 7
2217.5 6
2218.5 6
2219.5 3
2220.5 10
2221.5 2
2222.5 3
2223.5 4
2225.5 2
2226.5 1
2227.5 1
2228.5 2
2229.5 1
2232.5 1
2235.5 1
2237.5 2
2240.5 2
2244.5 1
2245.5 2
2247.5 2
2248.5 1
2250.5 2
2253.5 2
2254.5 1
2255.5 2
2256.5 2
2257.5 3
2258.5 1
2259.5 1
2260.5 4
2261.5 1
2262.5 1
2263.5 2
2264.5 2
2265.5 2
2266.5 1
2267.5 1
2268.5 2
2271.5 2
2272.5 2
2273.5 1
2274.5 1
2276.5 2
2277.5 1
2278.5 1
2280.5 1
2281.5 1
2283.5 2
2286.5 1
2287.5 1
2288.5 1
2290.5 1
2291.5 3
2294.5 1
2297.5 2
2298.5 2
2300.5 1
2302.5 1
2304.5 1
2307.5 1
2308.5 2
2312.5 1
2314.5 1
2316.5 1
2317.5 1
2319.5 1
2320.5 2
2321.5 1
2323.5 1
2324.5 1
2327.5 2
2328.5 1
2329.5 4
2332.5 1
2333.5 1
2334.5 1
2338.5 1
2339.5 1
2342.5 2
2343.5 4
2344.5 2
2346.5 1
2347.5 1
2348.5 4
2350.5 5
2351.5 1
2352.5 1
2353.5 2
2354.5 1
2355.5 3
2356.5 3
2358.5 4
2359.5 1
2360.5 4
2361.5 3
2362.5 4
2363.5 2
2364.5 4
2365.5 3
2366.5 3
2367.5 2
2368.5 3
2369.5 1
2370.5 2
2371.5 3
2372.5 3
2373.5 2
2374.5 1
2375.5 3
2377.5 3
2378.5 1
2379.5 3
2380.5 2
2381.5 3
2382.5 6
2383.5 5
2384.5 5
2385.5 4
2386.5 6
2387.5 6
2388.5 6
2389.5 7
2390.5 6
2391.5 6
2392.5 6
2393.5 9
2394.5 10
2395.5 8
2396.5 11
2397.5 11
2398.5 18
2399.5 15
2400.5 15
2401.5 18
2402.5 25
2403.5 30
2404.5 28
2405.5 26
2406.5 29
2407.5 41
2408.5 42
2409.5 47
2410.5 59
2411.5 81
2412.5 52
2413.5 59
2414.5 98
2415.5 79
2416.5 82
2417.5 66
2418.5 90
2419.5 93
2420.5 74
2421.5 69
2422.5 78
2423.5 61
2424.5 52
2425.5 31
2426.5 40
2427.5 38
2428.5 34
2429.5 21
2430.5 16
2431.5 9
2432.5 12
2433.5 3
2434.5 7
2435.5 5
2436.5 2
2437.5 1
2439.5 1
2443.5 3
2444.5 3
2447.5 2
2448.5 1
2449.5 1
2451.5 3
2455.5 3
2456.5 1
2457.5 3
2458.5 2
2459.5 2
2460.5 1
2462.5 2
2463.5 3
2464.5 3
2465.5 2
2466.5 1
2468.5 2
2469.5 1
2470.5 1
2471.5 1
2472.5 1
2473.5 5
2474.5 1
2475.5 1
2476.5 3
2477.5 1
2478.5 5
2480.5 1
2481.5 1
2482.5 2
2483.5 3
2484.5 3
2485.5 1
2486.5 2
2487.5 5
2488.5 2
2489.5 3
2490.5 2
2491.5 2
2492.5 3
2493.5 1
2494.5 3
2495.5 1
2496.5 1
2497.5 1
2498.5 2
2500.5 5
2501.5 1
2502.5 2
2503.5 1
2504.5 2
2505.5 3
2506.5 4
2507.5 5
2508.5 2
2509.5 4
2511.5 2
2512.5 2
2513.5 2
2514.5 5
2515.5 2
2516.5 15
2519.5 1
2523.5 1
2526.5 1
