POSITION sPOSITION AREA sAREA WIDTH sWIDTH R BETA
33.76512599670819 1.0 335.0122860658255 20.70610841476897 8.0 1.0 49.17538524269099 14.277785695226225
71.75211705818718 1.0 211.7916101330914 18.16688682595797 8.0 1.0 49.17538524269099 14.277785695226225
106.97361672254782 1.0 157.70459632218018 17.511070360545002 8.0 1.0 49.17538524269099 14.277785695226225
174.56558043863234 1.6588145424627563 42.023437721768026 23.892829273882572 8.0 1.0 49.17538524269099 14.277785695226225
150.14388282994662 1.0 178.6712636216014 19.80640509207954 8.0 1.0 49.17538524269099 14.277785695226225
197.32506316726895 1.0 457.77391583746 31.22008783991613 8.0 1.0 49.17538524269099 14.277785695226225
252.36118163064782 1.0090819382168617 128.8103297600851 14.015566662991578 8.0 0.5418502770415019 49.17538524269099 14.277785695226225
302.4330302053736 0.8932798088192248 570.3279410716464 40.208715715106656 8.0 0.5418502770415019 49.17538524269099 14.277785695226225
324.88634465211834 1.0197596797501625 424.66100568822515 34.627711482428325 8.0 0.5418502770415019 49.17538524269099 14.277785695226225
361.6254705312551 1.0 428.86248219526635 22.417570834884867 8.0 0.5418502770415019 49.17538524269099 14.277785695226225
396.6982889696006 1.0006970316284411 226.13357144702132 21.604638113543874 8.0 0.931658980025352 49.17538524269099 14.277785695226225
449.18107070395024 1.0015186236767135 222.32625807138567 21.435376537795566 8.0 0.931658980025352 49.17538524269099 14.277785695226225
469.1544643135984 1.0319982981273241 96.92837941118873 22.74475213409748 8.0 0.931658980025352 49.17538524269099 14.277785695226225
489.22504799356255 0.9961367588763351 140.81827495378695 19.36838416470477 8.0 0.931658980025352 49.17538524269099 14.277785695226225
520.0868076138539 1.0 96.76101433546285 21.548455570188867 8.0 1.0 49.17538524269099 14.277785695226225
550.6144475158505 0.6321859537946173 798.0149695779078 35.368248868223496 8.0 1.0 49.17538524269099 14.277785695226225
596.2867200036052 1.0 595.9079061797455 31.070748373452385 8.0 1.0 49.17538524269099 14.277785695226225
675.6330979269245 1.0 163.3258395734476 16.816162534271204 8.0 1.0 49.17538524269099 14.277785695226225
711.4930857610772 0.9984321641278803 148.3314792645304 15.23207334518102 8.0 1.4210603224547496 49.17538524269099 14.277785695226225
750.5108363818885 1.0022065731769534 101.20344698368268 11.518424251397926 8.0 1.4210603224547496 49.17538524269099 14.277785695226225
814.13587642903 1.0329361200340563 306.12430164665557 18.032141651667274 8.0 0.555854608652764 49.17538524269099 14.277785695226225
901.2633720138919 1.0209496359249441 405.26466466137674 20.623569827074213 8.0 0.555854608652764 49.17538524269099 14.277785695226225
957.4905451036606 0.9965756519770685 127.93780981259955 18.962102468742373 7.577443445227143 0.7821880433912084 49.17538524269099 14.277785695226225
979.3323470083549 1.0870044403629529 251.49049803639915 22.006267063034265 7.577443445227143 0.7821880433912084 49.17538524269099 14.277785695226225
1036.8800310504273 1.014960902139358 215.90555756258473 16.31848347996162 7.577443445227143 0.7821880433912084 49.17538524269099 14.277785695226225
1066.9222896284823 1.0006975823617865 54.37972991444401 9.5340487280409 7.577443445227143 0.7821880433912084 49.17538524269099 14.277785695226225
1118.3545186251074 0.9988495178119123 99.58348231994138 13.703765126611623 5.127463209151682 0.9765096378647009 49.17538524269099 14.277785695226225
1138.419888305878 0.9964848925738934 88.61406216538114 18.12020565647041 5.127463209151682 0.9765096378647009 49.17538524269099 14.277785695226225
1151.6495790777603 0.9922340145355361 102.0397468541581 19.618975643462345 5.127463209151682 0.9765096378647009 49.17538524269099 14.277785695226225
1173.2897349032012 1.0318137498162077 156.6708763260052 21.595751566332908 5.127463209151682 0.9765096378647009 49.17538524269099 14.277785695226225
1188.5784888084536 0.9967930869811404 159.53374603445357 19.75634928737771 5.127463209151682 0.9765096378647009 49.17538524269099 14.277785695226225
1224.323096283346 0.5457217916386644 860.7478205829682 30.621654566241588 8.0 1.0 49.17538524269099 14.277785695226225
1272.7313397549412 0.9605650501386729 474.48311981258905 34.0609549198588 8.0 1.0 49.17538524269099 14.277785695226225
1319.0803120887758 0.9107185559528628 905.6888879476569 32.54125153017019 8.0 1.0 49.17538524269099 14.277785695226225
1379.3938677642568 1.0 639.1850110701691 34.03298139717421 8.0 1.0 49.17538524269099 14.277785695226225
1482.2410788184839 1.20358953271059 140.58046889070334 13.592596457192824 8.0 1.719177771119757 49.17538524269099 14.277785695226225
1568.8334588889873 1.0 527.4471249842072 30.062699386373488 8.0 1.0 49.17538524269099 14.277785695226225
1600.0933225442063 1.026190034535476 248.53437138271343 22.172170421394917 8.0 1.0 49.17538524269099 14.277785695226225
1632.5601578891562 2.062862047362821 164.30018577813937 31.46637720230806 8.0 1.0 49.17538524269099 14.277785695226225
1653.4989552332313 1.950677477735481 361.9859455964482 44.018954254745644 8.0 1.0 49.17538524269099 14.277785695226225
1676.2620822780889 1.2295925646618993 425.9654173841112 39.7120925175595 8.0 1.0 49.17538524269099 14.277785695226225
1711.99261843384 1.0 338.3840353535619 21.15735475265485 8.0 1.0 49.17538524269099 14.277785695226225
1751.8843576927761 1.0 105.52172746129945 20.022155512868952 8.0 1.0 49.17538524269099 14.277785695226225
1781.9707724636162 1.0 105.27760244862966 28.872554258816447 8.0 1.0 49.17538524269099 14.277785695226225
1807.7016913775497 0.8177706941971769 1089.4850548996055 52.27676749078847 8.0 1.0 49.17538524269099 14.277785695226225
1832.0820674537147 1.009394162211627 1349.907107678946 72.6540456297756 8.0 1.0 49.17538524269099 14.277785695226225
1917.4835560098193 1.0 955.7007008741343 54.4572933968327 8.0 0.5071336018662814 49.17538524269099 14.277785695226225
1939.8497252777368 0.6367515878490767 1185.7107295389485 54.69811135280955 8.0 0.5071336018662814 49.17538524269099 14.277785695226225
1988.9692202481149 1.00151371177405 105.51472576724397 20.79770163485985 8.0 0.4785859501751768 49.17538524269099 14.277785695226225
2015.2456883840407 0.9995530541734559 176.21208929763105 31.215499346170795 8.0 0.4785859501751768 49.17538524269099 14.277785695226225
2040.1099531718446 0.8953484054866933 918.4579235303942 42.86944548971733 8.0 0.4785859501751768 49.17538524269099 14.277785695226225
2076.477271202292 1.000384785762377 173.5796656343718 17.6702153527984 8.0 0.4785859501751768 49.17538524269099 14.277785695226225
2127.7214337822948 1.0002457910637756 119.81495332679276 18.5930236370085 8.0 0.8451535256146928 49.17538524269099 14.277785695226225
2175.7812832572617 1.0603613232683393 135.2637853766101 17.570719381283514 8.0 0.8451535256146928 49.17538524269099 14.277785695226225
2215.5327505783407 0.999516377250894 52.66166647811281 10.058852557324423 8.0 0.8451535256146928 49.17538524269099 14.277785695226225
2241.1441732383505 0.9986481245699257 70.43256575506012 15.765099823700004 8.0 0.8451535256146928 49.17538524269099 14.277785695226225
2283.3250754298006 1.000148011586839 110.70505737612191 13.163364588334094 8.0 0.5714016363037536 49.17538524269099 14.277785695226225
2330.808181798788 1.000118256548324 60.556903364162444 10.039956237613263 8.0 0.5714016363037536 49.17538524269099 14.277785695226225
2402.679775785889 0.9966339018752194 401.0666246226958 21.598533280862537 8.0 0.5714016363037536 49.17538524269099 14.277785695226225
2465.177927784053 1.0776467198652948 149.5053086436286 16.045625595061633 8.0 1.2806001345868263 49.17538524269099 14.277785695226225
2487.0288955949172 1.0067750704249325 153.54406114103543 18.318006600211373 8.0 1.2806001345868263 49.17538524269099 14.277785695226225
