POSITION sPOSITION AREA sAREA WIDTH sWIDTH R BETA
30.494957489899477 0.8852802128259094 437.5775865278906 29.81012895158046 10.24729660820535 0.0 35.5368126394403 15.501826005681998
71.14912829937532 1.1402171044568299 211.12128168430752 24.289467223075462 10.24729660820535 0.0 35.5368126394403 15.501826005681998
103.84997607135487 4.162671604158471 112.32395467003776 36.805803140200894 10.24729660820535 0.0 35.5368126394403 15.501826005681998
123.78113770209777 6.611543997260136 88.15467793019837 30.037268291172648 10.24729660820535 0.0 35.5368126394403 15.501826005681998
152.12312177407495 2.488575804590518 168.49675459204764 27.179835628754315 10.24729660820535 0.0 35.5368126394403 15.501826005681998
197.38596317226524 0.8861824087914261 486.03088439808494 26.502167178693664 10.24729660820535 0.0 35.5368126394403 15.501826005681998
237.8662172467831 6.0434157925364635 30.614575735445058 16.21909136795597 5.762576359409025 0.0 35.5368126394403 15.501826005681998
255.22850673542905 1.2892831462546377 134.44030022659007 17.79795931059616 5.762576359409025 0.0 35.5368126394403 15.501826005681998
299.3493923107226 1.0621458073917582 559.3913449300888 32.60584085350524 10.27699946491115 0.0 35.5368126394403 15.501826005681998
321.8561559582894 1.0077948733437174 456.4449146702451 39.353710035803815 10.27699946491115 0.0 35.5368126394403 15.501826005681998
359.18844596987776 0.970430807110338 392.2220984033511 26.0343151677259 10.27699946491115 0.0 35.5368126394403 15.501826005681998
395.0411318160456 3.3565948030919737 129.60746480122248 33.78569855264824 10.27699946491115 0.0 35.5368126394403 15.501826005681998
416.0080341788501 2.0362806188660207 223.70195362424658 32.29157437460882 10.27699946491115 0.0 35.5368126394403 15.501826005681998
452.6718584990126 1.8167417174828473 213.50622293755106 20.734694031804416 10.27699946491115 0.0 35.5368126394403 15.501826005681998
484.98879849219264 2.690247269123522 190.8112955300839 23.967708208973814 10.27699946491115 0.0 35.5368126394403 15.501826005681998
492.5 1.0 102.83823143322508 24.922724880622408 9.286292739283073 0.0 35.5368126394403 15.501826005681998
521.9698069688122 3.0944249772385524 79.5128880103085 24.228905654700384 9.286292739283073 0.0 35.5368126394403 15.501826005681998
549.5150093816555 0.5820527545138001 801.4340534486478 41.301279860786835 9.286292739283073 0.0 35.5368126394403 15.501826005681998
595.4914649734733 0.8532387880265434 528.5406710848291 32.97485047232384 9.286292739283073 0.0 35.5368126394403 15.501826005681998
624.1696573545141 1.4297077604866182 216.76433439382305 26.180393504819353 9.286292739283073 0.0 35.5368126394403 15.501826005681998
644.5166831387985 3.663218645695832 30.45989471731936 18.508922113117087 3.459405854436448 0.0 35.5368126394403 15.501826005681998
652.0972107534539 1.0370341429798464 0.0 nan 3.459405854436448 0.0 35.5368126394403 15.501826005681998
658.7430025444917 2.9976091573318366 50.66768625389385 19.71167317834724 3.459405854436448 0.0 35.5368126394403 15.501826005681998
674.3198440108938 1.3370344919642294 88.66735191751152 14.796512464165934 3.459405854436448 0.0 35.5368126394403 15.501826005681998
681.5 9.860383266758038 120.2570805778958 46.75172328909625 12.0 0.0 35.5368126394403 15.501826005681998
703.8555884932396 3.486068028262379 96.66107216190456 18.86141999615481 6.505949801078999 0.0 35.5368126394403 15.501826005681998
721.5 5.020833559322466 91.17187745757246 24.27512360302839 6.505949801078999 0.0 35.5368126394403 15.501826005681998
726.423935833963 8.512018132057703 110.65901132687355 25.61931515985332 12.0 0.0 35.5368126394403 15.501826005681998
757.5484545145347 10.598034224078956 80.84680527116475 17.64001844507339 12.0 0.0 35.5368126394403 15.501826005681998
776.6307020225138 2.99852519318516 40.504423059547015 12.51332172389906 8.299147244352334 0.0 35.5368126394403 15.501826005681998
811.8713253556324 1.666137521630368 260.9639817796623 28.570067475953657 8.299147244352334 0.0 35.5368126394403 15.501826005681998
831.2592700842791 12.648549176265275 36.714722553817374 32.42265922139638 8.299147244352334 0.0 35.5368126394403 15.501826005681998
839.5 10.28226529896844 52.76427201357896 29.06703760112023 8.485713377032386 0.0 35.5368126394403 15.501826005681998
852.2059527865565 1.0049989692805048 0.0 nan 8.485713377032386 0.0 35.5368126394403 15.501826005681998
862.5405943014426 5.519681834034108 68.9309794068687 26.415818851523206 8.485713377032386 0.0 35.5368126394403 15.501826005681998
900.6730415386158 0.9619524044220467 360.5310307970433 28.317036742038475 8.485713377032386 0.0 35.5368126394403 15.501826005681998
932.3638405674645 34.66165679220618 17.050454959207475 29.06937935394643 10.66009384857822 0.0 35.5368126394403 15.501826005681998
957.0157032504586 7.6924215914765455 123.67971494318698 56.912458548352824 10.66009384857822 0.0 35.5368126394403 15.501826005681998
977.4137349382355 3.4245170595264094 261.97563926077544 50.344215074406925 10.66009384857822 0.0 35.5368126394403 15.501826005681998
1012.9591370311659 4.754692768456538 24.939872915735283 11.220124775900448 4.796242641587881 0.0 35.5368126394403 15.501826005681998
1037.2577541519413 0.8539285133315769 195.16940405490232 25.126742827908107 4.796242641587881 0.0 35.5368126394403 15.501826005681998
1062.898786820583 2.145839183945077 54.983217263389946 10.359552626472205 4.796242641587881 0.0 35.5368126394403 15.501826005681998
1090.5 1.0 30.179177868631143 10.908861430920496 3.6914786156185246 0.0 35.5368126394403 15.501826005681998
1092.5 1.0 45.60490298146788 21.99312298237805 9.097764236570963 0.0 35.5368126394403 15.501826005681998
1120.0946100995368 2.7254216912549745 104.47268438785196 24.542149033981467 9.097764236570963 0.0 35.5368126394403 15.501826005681998
1145.6185512898062 2.4419000959102815 171.24657651431568 25.883511203081504 9.097764236570963 0.0 35.5368126394403 15.501826005681998
1175.4407752563925 1.330310616119045 228.5796147074223 26.031381086159886 9.097764236570963 0.0 35.5368126394403 15.501826005681998
1223.0590712760882 0.6047749564646413 869.4110272331059 33.10408991335677 9.097764236570963 0.0 35.5368126394403 15.501826005681998
1271.8902452844397 0.9357237228612854 473.0242424943061 28.548982125337947 9.097764236570963 0.0 35.5368126394403 15.501826005681998
1317.5174473406692 0.6288433647205386 896.5802913486273 38.39225582835412 9.097764236570963 0.0 35.5368126394403 15.501826005681998
1378.3306480238543 0.8658687648106647 640.3470156682125 27.28074931963118 9.097764236570963 0.0 35.5368126394403 15.501826005681998
1419.4111410318483 6.368371602728369 27.002565608156857 12.303077541900551 4.34639031462916 0.0 35.5368126394403 15.501826005681998
1462.5 3.7674593847486397 109.64358211836894 20.385912552974318 12.0 0.0 35.5368126394403 15.501826005681998
1464.5 12.509767428127375 78.37603721178367 39.78410278911029 12.0 0.0 35.5368126394403 15.501826005681998
1492.5 1.0 117.82722945405364 32.090498010348426 12.0 0.0 35.5368126394403 15.501826005681998
1507.2247743971022 1.417369294881086 161.21211892844264 21.663043181930878 9.174542588041817 0.0 35.5368126394403 15.501826005681998
1537.7215349199873 1.6101905200274018 159.35903520341682 23.24297419443735 9.174542588041817 0.0 35.5368126394403 15.501826005681998
1568.885407172191 0.9616442473916911 424.03289878119193 24.128042447137013 9.174542588041817 0.0 35.5368126394403 15.501826005681998
1598.7859875875695 1.6765814710303129 236.34837178005156 29.129002276262764 9.174542588041817 0.0 35.5368126394403 15.501826005681998
1623.7587270280153 9.336919939691938 74.07451302196205 52.62474763403277 9.174542588041817 0.0 35.5368126394403 15.501826005681998
1638.8213875005852 5.881292376629408 152.15826819446883 67.094909857079 9.174542588041817 0.0 35.5368126394403 15.501826005681998
1653.3843992050317 2.7026184973250116 314.5481971424372 59.81640732553455 9.174542588041817 0.0 35.5368126394403 15.501826005681998
1674.7879210693543 1.0452872057525942 416.5096220789817 31.756714962815565 9.174542588041817 0.0 35.5368126394403 15.501826005681998
1708.7215931850892 0.9918483382829939 312.6013605813116 22.173481404485955 9.174542588041817 0.0 35.5368126394403 15.501826005681998
1739.5 1.0 76.17739476805625 20.59730004067713 9.174542588041817 0.0 35.5368126394403 15.501826005681998
1748.9672642432124 1.9640054724608342 123.81790677382781 22.694798674463325 8.223352246276004 0.0 35.5368126394403 15.501826005681998
1782.1007113703445 2.3198317913336077 132.61394562806743 48.65666078660209 8.223352246276004 0.0 35.5368126394403 15.501826005681998
1807.0379089784874 1.549705227045835 1104.183679602225 72.84757271783634 8.223352246276004 0.0 35.5368126394403 15.501826005681998
1831.2252780965198 1.317134179753572 1312.4038174486004 58.780812564255825 8.223352246276004 0.0 35.5368126394403 15.501826005681998
1870.5 3.2907310969796004 102.00374788540819 23.883195296008143 7.018056440816902 0.0 35.5368126394403 15.501826005681998
1881.0839688549486 12.12067471329161 40.33092917538295 19.497282504043135 8.459161290016663 0.0 35.5368126394403 15.501826005681998
1916.8965415505802 0.8519982807376574 961.3616230687385 63.06004193269119 8.459161290016663 0.0 35.5368126394403 15.501826005681998
1938.9372760590113 0.735772230355436 1146.3264115673062 55.07228734042233 8.459161290016663 0.0 35.5368126394403 15.501826005681998
1987.648091983467 1.5668711137604567 106.97763473185495 17.652044867429964 7.981715767703662 0.0 35.5368126394403 15.501826005681998
2014.548387732621 1.94274584252923 165.99333359926413 27.439728831794056 7.981715767703662 0.0 35.5368126394403 15.501826005681998
2037.6159983573407 0.6187832075739725 905.0687747305824 38.04757613878201 7.981715767703662 0.0 35.5368126394403 15.501826005681998
2067.1700060710787 2.1112800017532423 147.36535865355233 20.185838971170586 7.981715767703662 0.0 35.5368126394403 15.501826005681998
2087.5 1.0 82.0896134847015 17.767245486356362 7.981715767703662 0.0 35.5368126394403 15.501826005681998
2108.5 24.484620373794552 79.53493865242358 88.86326136089707 12.0 0.0 35.5368126394403 15.501826005681998
2124.7850627926055 1.3727016741772358 74.34749180577651 14.990559925058712 4.113591885974381 0.0 35.5368126394403 15.501826005681998
2137.979495291147 1.4348237582716235 56.37389548670723 16.410050722020046 4.113591885974381 0.0 35.5368126394403 15.501826005681998
2151.8148828277517 5.317551871599967 30.19817288980238 13.75720765965087 5.246504639426981 0.0 35.5368126394403 15.501826005681998
2171.3020236088064 2.0452518318116657 74.11700845896524 21.035594320461318 5.246504639426981 0.0 35.5368126394403 15.501826005681998
2185.016148090472 1.9704792578980161 61.94133375083918 20.231746735557785 5.246504639426981 0.0 35.5368126394403 15.501826005681998
2196.5 17.805825505578685 54.646483988662794 33.52624519050834 12.0 0.0 35.5368126394403 15.501826005681998
2218.0309015819907 4.7016523433593855 67.41987736905664 16.661216109743375 5.109000210003082 0.0 35.5368126394403 15.501826005681998
2233.8532856854013 9.079084761267678 89.26217441427283 23.918157154759065 12.0 0.0 35.5368126394403 15.501826005681998
2242.7691294218153 0.6986773893696728 57.946201038410834 12.477987652612942 1.869418831177975 0.0 35.5368126394403 15.501826005681998
2252.270841953994 16.561135973381212 43.95657315539914 29.555424727449928 10.910044776520976 0.0 35.5368126394403 15.501826005681998
2260.5 17.111356396821396 92.09659672131482 92.99611824675007 7.561920396689353 0.0 35.5368126394403 15.501826005681998
2280.44479621296 3.1523063810998777 117.4959519474007 13.390178408310645 12.0 0.0 35.5368126394403 15.501826005681998
2291.5 11.815292283298295 64.38290859937067 39.77537413432897 8.941854021523584 0.0 35.5368126394403 15.501826005681998
2325.2035466682046 2.4752924303832073 50.042477878008334 13.545216969645962 2.5711153005033776 0.0 35.5368126394403 15.501826005681998
2332.3643593243564 6.415485208612935 32.488088928421064 11.969605953910857 2.730016481500995 0.0 35.5368126394403 15.501826005681998
2359.5225321676007 8.74428243132541 26.77324628752534 10.249238632584047 2.875072318990843 0.0 35.5368126394403 15.501826005681998
2365.180170035731 18.875781402441785 8.025561302618998 15.740214696542031 8.237559982217205 0.0 35.5368126394403 15.501826005681998
2401.751809178625 0.8293565309933816 381.80442707366643 22.698978616457847 8.237559982217205 0.0 35.5368126394403 15.501826005681998
2436.622952740033 4.631178267671501 37.330959796082745 11.957169856654627 8.237559982217205 0.0 35.5368126394403 15.501826005681998
2464.7049862348117 1.3167272320152814 143.96043526073257 22.39088428271555 8.237559982217205 0.0 35.5368126394403 15.501826005681998
2489.066638428654 2.3942289898761673 104.4359096421055 21.752977823587024 8.237559982217205 0.0 35.5368126394403 15.501826005681998
2513.3086399389585 1.9396912170592808 128.7192718490796 22.11599313351392 8.237559982217205 0.0 35.5368126394403 15.501826005681998
