0.5 203
21.5 2
22.5 1
23.5 1
24.5 5
25.5 3
26.5 6
27.5 3
28.5 3
29.5 3
30.5 8
31.5 4
32.5 6
33.5 8
34.5 6
35.5 7
36.5 9
37.5 8
38.5 6
39.5 4
40.5 5
41.5 6
42.5 3
43.5 5
44.5 4
45.5 8
46.5 3
47.5 4
48.5 7
49.5 1
50.5 5
51.5 4
52.5 5
53.5 2
54.5 8
55.5 3
56.5 9
57.5 3
58.5 2
59.5 8
60.5 6
61.5 4
62.5 5
63.5 6
64.5 6
65.5 6
66.5 5
67.5 6
68.5 2
69.5 1
70.5 5
71.5 3
72.5 2
73.5 3
74.5 6
75.5 5
76.5 8
77.5 3
78.5 2
79.5 3
80.5 3
81.5 6
82.5 4
83.5 4
84.5 8
85.5 5
86.5 5
87.5 6
88.5 3
89.5 5
90.5 2
91.5 1
92.5 4
93.5 5
94.5 6
95.5 3
96.5 1
97.5 2
98.5 4
99.5 2
100.5 2
101.5 2
102.5 5
103.5 7
104.5 4
105.5 3
106.5 2
107.5 3
108.5 3
109.5 2
110.5 4
111.5 1
112.5 2
113.5 2
114.5 3
115.5 2
116.5 5
117.5 2
118.5 1
119.5 10
120.5 6
121.5 3
122.5 4
123.5 4
124.5 5
125.5 4
126.5 5
127.5 4
128.5 4
129.5 1
130.5 9
131.5 2
132.5 5
133.5 5
134.5 3
135.5 7
136.5 3
137.5 5
138.5 3
139.5 1
140.5 3
141.5 5
142.5 2
143.5 2
144.5 2
145.5 4
146.5 2
147.5 3
149.5 3
150.5 1
151.5 1
152.5 2
153.5 6
154.5 8
156.5 10
157.5 1
158.5 5
159.5 2
160.5 2
161.5 1
162.5 1
163.5 3
164.5 6
165.5 4
166.5 3
167.5 4
168.5 5
169.5 6
170.5 6
171.5 4
172.5 8
173.5 7
174.5 4
175.5 5
176.5 10
177.5 4
178.5 1
179.5 4
180.5 4
181.5 3
182.5 1
183.5 5
184.5 3
185.5 1
186.5 1
187.5 3
188.5 1
189.5 2
190.5 3
191.5 7
192.5 2
193.5 2
194.5 5
195.5 5
196.5 2
197.5 2
198.5 1
199.5 2
200.5 1
201.5 3
202.5 2
203.5 3
204.5 6
205.5 4
206.5 3
207.5 6
208.5 6
209.5 2
210.5 8
211.5 6
212.5 4
214.5 2
215.5 4
216.5 2
217.5 2
218.5 1
219.5 5
220.5 3
221.5 3
222.5 3
223.5 3
224.5 1
225.5 6
226.5 6
227.5 3
228.5 3
229.5 2
230.5 3
231.5 2
232.5 3
233.5 3
234.5 8
235.5 6
236.5 5
237.5 3
238.5 2
239.5 7
240.5 8
241.5 4
242.5 5
243.5 8
244.5 5
245.5 4
246.5 2
247.5 1
248.5 3
249.5 4
250.5 2
251.5 2
252.5 3
253.5 1
254.5 3
255.5 5
256.5 3
257.5 1
258.5 2
259.5 2
260.5 4
261.5 3
262.5 2
263.5 1
264.5 1
265.5 1
266.5 2
267.5 1
268.5 1
269.5 3
270.5 3
271.5 3
272.5 5
273.5 3
274.5 3
275.5 4
276.5 1
277.5 2
278.5 1
279.5 2
280.5 1
281.5 1
282.5 4
283.5 3
284.5 2
285.5 2
286.5 5
287.5 3
289.5 3
290.5 5
292.5 3
293.5 3
294.5 5
295.5 2
296.5 1
297.5 1
298.5 2
299.5 3
300.5 2
301.5 5
302.5 5
303.5 2
304.5 2
305.5 2
306.5 3
307.5 3
308.5 2
309.5 1
310.5 1
311.5 4
312.5 2
313.5 3
314.5 5
316.5 5
317.5 2
318.5 1
319.5 3
322.5 1
323.5 3
324.5 3
325.5 2
326.5 2
327.5 2
329.5 5
330.5 5
331.5 2
333.5 1
334.5 4
335.5 5
336.5 5
337.5 2
339.5 3
340.5 3
341.5 4
342.5 2
343.5 1
344.5 4
345.5 1
347.5 1
348.5 3
349.5 3
350.5 2
351.5 1
352.5 1
353.5 3
354.5 4
355.5 1
356.5 3
357.5 2
358.5 4
359.5 1
360.5 1
361.5 1
362.5 2
364.5 3
365.5 2
366.5 1
367.5 1
369.5 1
372.5 1
373.5 2
374.5 2
375.5 4
376.5 4
377.5 3
378.5 2
379.5 1
380.5 5
381.5 3
382.5 4
383.5 3
384.5 4
385.5 4
386.5 5
387.5 1
388.5 1
390.5 1
392.5 3
393.5 3
394.5 5
395.5 3
396.5 1
397.5 1
398.5 1
400.5 4
401.5 2
402.5 2
403.5 2
404.5 2
405.5 2
406.5 4
407.5 2
408.5 1
409.5 2
410.5 2
411.5 3
412.5 4
413.5 1
414.5 2
415.5 6
416.5 3
417.5 4
418.5 2
419.5 2
420.5 1
421.5 9
422.5 3
423.5 3
424.5 1
425.5 7
426.5 4
427.5 2
428.5 4
429.5 6
430.5 1
431.5 8
432.5 3
433.5 2
434.5 2
435.5 7
436.5 6
437.5 6
438.5 3
439.5 3
440.5 3
442.5 1
443.5 1
444.5 4
445.5 4
446.5 1
448.5 1
449.5 2
450.5 3
451.5 2
453.5 2
454.5 2
455.5 4
456.5 4
457.5 2
458.5 3
459.5 2
460.5 4
461.5 3
462.5 2
463.5 2
464.5 4
465.5 3
466.5 4
467.5 1
469.5 2
470.5 4
471.5 1
472.5 4
473.5 2
474.5 3
475.5 3
476.5 2
477.5 3
478.5 2
480.5 1
481.5 4
483.5 6
484.5 5
485.5 2
486.5 2
487.5 1
489.5 3
490.5 1
491.5 5
492.5 2
493.5 2
494.5 3
495.5 1
496.5 3
497.5 3
498.5 1
499.5 1
500.5 2
502.5 1
503.5 2
504.5 3
505.5 1
506.5 5
507.5 5
508.5 6
509.5 1
510.5 5
511.5 7
512.5 2
513.5 4
514.5 3
515.5 3
516.5 4
517.5 4
518.5 5
519.5 3
520.5 3
521.5 3
522.5 8
523.5 1
524.5 4
525.5 2
526.5 8
527.5 2
528.5 6
529.5 1
530.5 4
531.5 1
532.5 4
533.5 4
534.5 4
535.5 5
536.5 2
537.5 2
538.5 1
539.5 1
540.5 1
542.5 1
543.5 2
544.5 4
545.5 3
546.5 6
547.5 6
549.5 5
550.5 2
551.5 2
552.5 2
553.5 1
554.5 3
555.5 2
556.5 1
557.5 5
558.5 2
559.5 4
560.5 8
561.5 3
562.5 3
563.5 2
564.5 4
565.5 6
567.5 3
568.5 3
569.5 4
570.5 1
571.5 1
572.5 4
573.5 1
574.5 1
575.5 3
576.5 3
577.5 2
578.5 1
579.5 1
580.5 4
581.5 2
582.5 4
583.5 1
584.5 1
585.5 4
586.5 3
587.5 7
588.5 4
589.5 1
590.5 2
591.5 1
592.5 1
593.5 7
594.5 4
595.5 4
596.5 1
597.5 1
598.5 3
599.5 2
600.5 4
601.5 5
602.5 6
603.5 4
604.5 3
605.5 6
606.5 5
607.5 5
608.5 4
609.5 3
610.5 1
611.5 3
612.5 3
613.5 4
614.5 5
615.5 3
616.5 3
617.5 3
618.5 2
620.5 1
621.5 6
622.5 1
623.5 3
624.5 2
625.5 1
626.5 2
627.5 1
628.5 3
629.5 3
630.5 1
631.5 4
632.5 3
633.5 5
634.5 2
635.5 2
636.5 3
637.5 3
638.5 4
640.5 5
641.5 3
642.5 5
643.5 1
644.5 2
645.5 5
646.5 5
647.5 2
648.5 6
649.5 6
650.5 2
651.5 3
652.5 4
654.5 5
655.5 4
656.5 4
657.5 7
658.5 2
659.5 2
660.5 1
661.5 1
662.5 2
664.5 1
666.5 2
667.5 2
668.5 1
669.5 4
670.5 2
671.5 2
672.5 3
673.5 5
674.5 9
675.5 4
676.5 5
677.5 5
678.5 7
679.5 1
680.5 2
681.5 5
682.5 3
683.5 1
684.5 6
685.5 7
686.5 6
687.5 4
688.5 10
689.5 3
690.5 7
691.5 2
692.5 6
693.5 5
694.5 1
695.5 5
696.5 7
697.5 5
698.5 3
699.5 1
700.5 4
701.5 4
702.5 1
703.5 3
704.5 3
705.5 7
706.5 7
707.5 3
708.5 4
709.5 5
710.5 6
711.5 6
712.5 6
713.5 4
714.5 5
715.5 8
716.5 3
717.5 2
718.5 6
719.5 1
720.5 1
721.5 3
722.5 7
723.5 6
724.5 4
725.5 5
726.5 3
727.5 7
728.5 3
729.5 7
730.5 3
731.5 4
732.5 8
733.5 3
734.5 6
735.5 2
736.5 5
737.5 2
738.5 1
739.5 1
740.5 3
741.5 4
742.5 2
743.5 3
744.5 3
745.5 1
746.5 1
747.5 2
748.5 2
749.5 5
750.5 3
751.5 3
752.5 6
753.5 5
754.5 4
755.5 4
756.5 6
757.5 5
758.5 4
759.5 1
760.5 6
761.5 6
762.5 6
763.5 6
764.5 4
765.5 4
766.5 5
767.5 4
768.5 4
769.5 4
770.5 5
771.5 3
772.5 7
773.5 1
774.5 3
775.5 5
776.5 1
777.5 4
778.5 5
779.5 1
780.5 4
781.5 2
782.5 3
783.5 4
784.5 3
785.5 6
786.5 6
787.5 9
788.5 4
789.5 5
790.5 1
791.5 5
792.5 4
793.5 3
795.5 2
796.5 2
797.5 1
798.5 5
799.5 1
800.5 2
801.5 1
802.5 1
803.5 6
804.5 8
805.5 4
806.5 5
807.5 5
808.5 1
809.5 9
810.5 7
811.5 3
812.5 4
813.5 6
814.5 10
815.5 6
816.5 6
817.5 8
818.5 10
819.5 8
820.5 2
821.5 2
822.5 3
823.5 7
824.5 4
825.5 3
826.5 6
827.5 2
828.5 5
829.5 6
830.5 7
831.5 4
832.5 7
833.5 7
834.5 7
835.5 9
836.5 4
837.5 4
838.5 4
839.5 1
840.5 2
841.5 2
842.5 3
843.5 2
845.5 1
846.5 1
847.5 4
848.5 3
849.5 3
850.5 4
851.5 1
852.5 1
853.5 1
854.5 1
855.5 2
856.5 4
857.5 3
858.5 1
859.5 4
860.5 4
861.5 3
862.5 6
864.5 5
865.5 5
866.5 3
867.5 2
868.5 9
869.5 5
870.5 1
871.5 3
872.5 2
873.5 7
874.5 1
875.5 5
876.5 8
877.5 8
878.5 6
879.5 6
880.5 4
881.5 2
882.5 6
883.5 7
884.5 4
885.5 7
886.5 6
887.5 5
888.5 7
889.5 1
890.5 8
891.5 6
892.5 7
893.5 2
894.5 7
895.5 3
896.5 7
897.5 1
898.5 5
899.5 2
900.5 1
901.5 5
902.5 4
903.5 3
904.5 4
905.5 4
906.5 4
907.5 2
908.5 6
909.5 2
910.5 9
911.5 6
912.5 3
913.5 3
914.5 3
915.5 3
916.5 6
917.5 1
918.5 6
919.5 5
920.5 1
921.5 3
922.5 1
924.5 2
925.5 3
926.5 5
927.5 8
928.5 5
929.5 6
930.5 4
931.5 6
932.5 7
933.5 5
934.5 3
935.5 2
936.5 1
937.5 4
938.5 2
939.5 1
940.5 3
942.5 1
943.5 2
944.5 2
945.5 5
946.5 1
947.5 2
948.5 3
949.5 3
950.5 2
951.5 3
953.5 1
954.5 1
955.5 4
957.5 5
958.5 5
959.5 4
960.5 6
961.5 4
962.5 3
963.5 4
964.5 5
965.5 11
966.5 5
967.5 2
968.5 5
969.5 7
970.5 7
971.5 6
972.5 3
973.5 9
974.5 4
975.5 7
976.5 1
977.5 1
978.5 3
981.5 5
982.5 4
983.5 6
984.5 7
985.5 7
986.5 8
987.5 9
988.5 5
989.5 15
990.5 12
991.5 9
992.5 16
993.5 11
994.5 13
995.5 13
996.5 12
997.5 15
998.5 14
999.5 1
1000.5 5
1001.5 3
1002.5 5
1003.5 3
1004.5 1
1005.5 8
1006.5 3
1007.5 2
1008.5 4
1009.5 8
1010.5 3
1011.5 3
1012.5 1
1013.5 4
1014.5 2
1015.5 3
1016.5 2
1017.5 2
1018.5 3
1019.5 3
1020.5 3
1021.5 1
1022.5 3
1023.5 1
1024.5 3
1025.5 8
1026.5 6
1027.5 1
1028.5 3
1029.5 5
1030.5 2
1031.5 4
1032.5 3
1033.5 4
1034.5 3
1035.5 4
1037.5 4
1038.5 1
1039.5 4
1040.5 2
1041.5 1
1042.5 4
1043.5 4
1044.5 2
1045.5 6
1046.5 8
1047.5 13
1048.5 8
1049.5 6
1050.5 9
1051.5 11
1052.5 7
1053.5 8
1054.5 7
1055.5 10
1056.5 13
1057.5 13
1058.5 11
1059.5 6
1060.5 5
1061.5 4
1062.5 3
1063.5 5
1064.5 11
1065.5 8
1066.5 3
1067.5 3
1068.5 2
1069.5 6
1070.5 5
1071.5 6
1072.5 3
1073.5 3
1074.5 4
1075.5 6
1076.5 7
1077.5 3
1078.5 1
1079.5 3
1080.5 5
1081.5 5
1082.5 4
1083.5 3
1084.5 6
1085.5 3
1086.5 6
1087.5 5
1088.5 5
1089.5 9
1090.5 4
1091.5 4
1092.5 3
1093.5 4
1094.5 9
1095.5 4
1096.5 6
1097.5 6
1098.5 3
1099.5 1
1100.5 6
1101.5 4
1102.5 4
1103.5 7
1104.5 4
1105.5 1
1106.5 3
1107.5 2
1108.5 4
1109.5 9
1110.5 1
1111.5 1
1112.5 3
1113.5 4
1114.5 2
1115.5 4
1116.5 4
1117.5 5
1118.5 5
1119.5 2
1120.5 6
1121.5 4
1122.5 2
1123.5 5
1124.5 2
1125.5 1
1126.5 3
1127.5 1
1128.5 2
1130.5 4
1131.5 2
1132.5 1
1133.5 4
1134.5 4
1135.5 3
1136.5 1
1137.5 4
1138.5 2
1139.5 4
1140.5 3
1141.5 3
1142.5 2
1143.5 3
1144.5 5
1145.5 7
1146.5 3
1147.5 6
1148.5 3
1149.5 3
1150.5 7
1151.5 3
1152.5 4
1153.5 4
1154.5 5
1155.5 6
1156.5 3
1157.5 1
1158.5 1
1159.5 1
1160.5 1
1161.5 1
1162.5 1
1165.5 2
1166.5 1
1167.5 1
1169.5 2
1172.5 1
1173.5 1
1174.5 1
1175.5 1
1176.5 1
1178.5 1
1180.5 1
1184.5 1
1187.5 1
1188.5 3
1190.5 1
1191.5 1
1192.5 1
1194.5 1
1197.5 1
1198.5 1
1200.5 1
1202.5 1
1203.5 1
1204.5 1
1205.5 1
1206.5 2
1208.5 4
1209.5 3
1210.5 2
1211.5 1
1212.5 2
1213.5 2
1214.5 1
1215.5 3
1216.5 4
1217.5 1
1218.5 3
1219.5 1
1221.5 3
1223.5 5
1224.5 7
1225.5 5
1226.5 5
1227.5 3
1228.5 4
1229.5 5
1230.5 5
1231.5 9
1232.5 6
1233.5 4
1234.5 7
1235.5 10
1236.5 11
1237.5 6
1238.5 9
1239.5 2
1240.5 5
1241.5 14
1242.5 18
1243.5 8
1244.5 12
1245.5 12
1246.5 4
1247.5 9
1248.5 9
1249.5 15
1250.5 11
1251.5 9
1252.5 12
1253.5 9
1254.5 13
1255.5 14
1256.5 9
1257.5 11
1258.5 5
1259.5 3
1260.5 3
1261.5 2
1262.5 4
1263.5 3
1264.5 5
1265.5 4
1266.5 1
1267.5 4
1269.5 5
1270.5 3
1271.5 5
1272.5 5
1273.5 5
1274.5 7
1275.5 2
1276.5 5
1277.5 5
1278.5 6
1279.5 5
1280.5 4
1281.5 8
1282.5 5
1283.5 9
1284.5 12
1285.5 9
1286.5 5
1287.5 5
1288.5 4
1289.5 8
1290.5 5
1291.5 4
1293.5 8
1294.5 6
1295.5 5
1296.5 3
1297.5 3
1298.5 4
1300.5 4
1302.5 7
1303.5 4
1304.5 2
1305.5 4
1306.5 7
1307.5 5
1308.5 3
1309.5 4
1310.5 6
1311.5 1
1312.5 5
1313.5 4
1314.5 2
1315.5 6
1316.5 7
1317.5 5
1318.5 1
1319.5 2
1321.5 2
1322.5 1
1323.5 2
1324.5 1
1325.5 5
1327.5 4
1329.5 1
1330.5 1
1332.5 1
1333.5 2
1334.5 1
1335.5 2
1336.5 3
1337.5 5
1338.5 3
1339.5 1
1340.5 1
1341.5 2
1342.5 4
1343.5 2
1344.5 4
1345.5 4
1346.5 2
1347.5 2
1348.5 7
1350.5 2
1351.5 1
1352.5 3
1353.5 2
1354.5 1
1355.5 1
1356.5 4
1357.5 1
1358.5 2
1360.5 1
1361.5 1
1362.5 2
1363.5 1
1365.5 1
1367.5 1
1368.5 4
1371.5 2
1372.5 1
1373.5 3
1374.5 2
1375.5 1
1376.5 2
1377.5 1
1378.5 1
1379.5 1
1380.5 2
1381.5 1
1382.5 1
1383.5 2
1384.5 1
1385.5 3
1386.5 1
1387.5 3
1388.5 3
1389.5 2
1390.5 4
1391.5 2
1392.5 4
1393.5 6
1394.5 5
1395.5 8
1396.5 8
1397.5 8
1398.5 2
1399.5 1
1400.5 6
1401.5 6
1402.5 12
1403.5 14
1404.5 16
1405.5 17
1406.5 10
1407.5 18
1408.5 21
1409.5 25
1410.5 28
1411.5 32
1412.5 22
1413.5 32
1414.5 40
1415.5 28
1416.5 32
1417.5 40
1418.5 17
1419.5 19
1420.5 15
1421.5 16
1422.5 16
1423.5 10
1424.5 1
1425.5 2
1427.5 4
1428.5 3
1429.5 2
1430.5 2
1432.5 1
1433.5 3
1434.5 2
1435.5 2
1436.5 1
1437.5 1
1438.5 1
1440.5 1
1441.5 1
1442.5 3
1445.5 1
1446.5 2
1447.5 2
1448.5 2
1450.5 1
1451.5 6
1452.5 5
1453.5 4
1454.5 3
1455.5 3
1456.5 7
1457.5 2
1458.5 1
1459.5 1
1460.5 2
1461.5 5
1462.5 2
1463.5 4
1464.5 4
1465.5 6
1466.5 3
1467.5 3
1468.5 4
1469.5 4
1470.5 6
1471.5 1
1472.5 2
1474.5 3
1475.5 1
1476.5 3
1477.5 5
1478.5 4
1480.5 2
1481.5 1
1482.5 1
1484.5 1
1485.5 2
1486.5 4
1487.5 5
1488.5 5
1489.5 6
1490.5 4
1491.5 4
1492.5 7
1493.5 7
1494.5 4
1495.5 7
1496.5 8
1497.5 8
1498.5 4
1499.5 3
1500.5 4
1501.5 4
1502.5 4
1503.5 3
1504.5 3
1505.5 3
1506.5 2
1509.5 1
1510.5 1
1511.5 3
1512.5 2
1513.5 2
1514.5 3
1515.5 7
1516.5 4
1517.5 8
1518.5 3
1519.5 6
1520.5 2
1521.5 2
1522.5 5
1523.5 7
1524.5 7
1525.5 6
1526.5 7
1527.5 5
1528.5 7
1529.5 8
1530.5 5
1531.5 2
1532.5 2
1533.5 5
1534.5 5
1535.5 1
1536.5 2
1537.5 3
1538.5 2
1539.5 4
1540.5 4
1541.5 2
1542.5 3
1543.5 4
1544.5 7
1545.5 6
1546.5 8
1547.5 9
1548.5 3
1549.5 6
1550.5 7
1551.5 10
1552.5 9
1553.5 7
1554.5 7
1555.5 6
1556.5 10
1557.5 5
1558.5 2
1559.5 1
1560.5 1
1561.5 2
1563.5 5
1564.5 5
1565.5 4
1566.5 3
1567.5 2
1568.5 3
1569.5 3
1570.5 4
1571.5 2
1572.5 5
1573.5 4
1574.5 11
1575.5 6
1576.5 11
1577.5 4
1578.5 4
1579.5 6
1580.5 3
1581.5 4
1582.5 6
1583.5 10
1584.5 11
1585.5 15
1586.5 5
1587.5 5
1588.5 10
1589.5 9
1590.5 6
1591.5 14
1592.5 7
1593.5 10
1594.5 11
1595.5 12
1596.5 11
1597.5 10
1598.5 13
1599.5 12
1600.5 13
1601.5 8
1602.5 13
1603.5 26
1604.5 23
1605.5 31
1606.5 20
1607.5 24
1608.5 31
1609.5 36
1610.5 22
1611.5 23
1612.5 17
1613.5 14
1614.5 14
1615.5 15
1616.5 9
1617.5 13
1618.5 9
1619.5 14
1620.5 13
1621.5 11
1622.5 20
1623.5 12
1624.5 12
1625.5 16
1626.5 14
1627.5 15
1628.5 29
1629.5 22
1630.5 16
1631.5 8
1632.5 15
1633.5 12
1634.5 8
1635.5 8
1636.5 2
1637.5 6
1639.5 3
1642.5 1
1644.5 1
1645.5 1
1647.5 1
1648.5 1
1649.5 1
1655.5 1
1658.5 1
1664.5 1
1666.5 1
1667.5 2
1670.5 1
1671.5 1
1673.5 1
1676.5 1
1679.5 1
1680.5 1
1681.5 1
1682.5 1
1683.5 2
1685.5 1
1687.5 1
1688.5 1
1689.5 2
1690.5 2
1691.5 1
1692.5 1
1693.5 1
1694.5 2
1695.5 3
1697.5 4
1699.5 2
1700.5 2
1701.5 2
1704.5 3
1705.5 3
1706.5 8
1707.5 2
1708.5 2
1710.5 8
1711.5 3
1713.5 5
1714.5 4
1715.5 4
1716.5 2
1717.5 2
1718.5 1
1721.5 1
1722.5 1
1724.5 1
1729.5 2
1732.5 1
1734.5 1
1735.5 1
1736.5 2
1737.5 1
1738.5 1
1739.5 3
1740.5 3
1741.5 1
1742.5 5
1743.5 3
1744.5 2
1745.5 3
1746.5 2
1747.5 4
1748.5 2
1749.5 2
1750.5 3
1751.5 4
1752.5 2
1753.5 3
1754.5 3
1755.5 2
1756.5 1
1757.5 1
1758.5 3
1760.5 3
1761.5 4
1762.5 1
1763.5 1
1764.5 2
1765.5 3
1766.5 2
1767.5 2
1768.5 2
1769.5 6
1770.5 2
1771.5 2
1772.5 2
1773.5 2
1774.5 1
1775.5 3
1776.5 3
1777.5 2
1778.5 1
1779.5 2
1780.5 1
1781.5 4
1782.5 2
1783.5 5
1784.5 2
1785.5 4
1786.5 3
1787.5 9
1788.5 7
1789.5 7
1790.5 8
1791.5 6
1792.5 14
1793.5 12
1794.5 13
1795.5 11
1796.5 23
1797.5 20
1798.5 14
1799.5 18
1800.5 19
1801.5 21
1802.5 22
1803.5 34
1804.5 48
1805.5 53
1806.5 29
1807.5 25
1808.5 30
1809.5 33
1810.5 36
1811.5 27
1812.5 25
1813.5 18
1814.5 13
1815.5 8
1816.5 5
1817.5 4
1818.5 1
1819.5 2
1820.5 4
1821.5 5
1822.5 2
1823.5 4
1824.5 3
1825.5 6
1826.5 2
1827.5 3
1828.5 5
1829.5 16
1830.5 13
1831.5 6
1832.5 9
1833.5 14
1834.5 14
1835.5 15
1836.5 9
1837.5 13
1838.5 12
1839.5 15
1840.5 8
1841.5 17
1842.5 14
1843.5 26
1844.5 22
1845.5 24
1846.5 30
1847.5 25
1848.5 30
1849.5 38
1850.5 44
1851.5 34
1852.5 33
1853.5 34
1854.5 31
1855.5 26
1856.5 22
1857.5 21
1858.5 9
1859.5 2
1860.5 4
1861.5 2
1862.5 1
1863.5 1
1865.5 1
1866.5 3
1867.5 2
1868.5 2
1869.5 1
1870.5 3
1871.5 2
1872.5 2
1873.5 1
1874.5 5
1875.5 3
1876.5 4
1877.5 3
1878.5 5
1879.5 2
1880.5 3
1881.5 3
1882.5 2
1883.5 4
1884.5 5
1885.5 2
1886.5 6
1887.5 6
1888.5 5
1889.5 3
1890.5 4
1891.5 8
1892.5 3
1894.5 2
1895.5 1
1896.5 6
1897.5 4
1899.5 1
1900.5 3
1902.5 1
1903.5 5
1904.5 4
1905.5 6
1906.5 8
1907.5 4
1908.5 3
1909.5 9
1910.5 6
1911.5 4
1912.5 3
1913.5 6
1914.5 3
1915.5 8
1916.5 1
1917.5 9
1919.5 4
1920.5 3
1921.5 4
1922.5 2
1924.5 2
1925.5 4
1926.5 4
1927.5 2
1928.5 9
1929.5 4
1930.5 2
1931.5 5
1932.5 4
1933.5 4
1934.5 4
1935.5 2
1936.5 7
1938.5 4
1939.5 3
1940.5 4
1941.5 9
1942.5 4
1943.5 10
1944.5 13
1945.5 11
1946.5 18
1947.5 9
1948.5 12
1949.5 11
1950.5 23
1951.5 18
1952.5 27
1953.5 16
1954.5 21
1955.5 7
1956.5 8
1957.5 6
1958.5 4
1960.5 2
1961.5 3
1962.5 3
1966.5 1
1967.5 1
1968.5 2
1969.5 1
1971.5 1
1975.5 2
1977.5 1
1980.5 1
1981.5 2
1983.5 1
1984.5 2
1986.5 1
1987.5 1
1988.5 1
1993.5 1
1994.5 1
1997.5 1
2003.5 1
2004.5 2
2005.5 3
2007.5 3
2008.5 1
2010.5 5
2011.5 7
2012.5 3
2013.5 3
2014.5 7
2015.5 3
2016.5 12
2017.5 6
2018.5 11
2019.5 7
2020.5 10
2021.5 14
2022.5 6
2023.5 12
2024.5 19
2025.5 23
2026.5 24
2027.5 26
2028.5 24
2029.5 33
2030.5 38
2031.5 36
2032.5 24
2033.5 40
2034.5 43
2035.5 45
2036.5 55
2037.5 58
2038.5 45
2039.5 55
2040.5 54
2041.5 67
2042.5 51
2043.5 88
2044.5 89
2045.5 128
2046.5 126
2047.5 142
2048.5 128
2049.5 160
2050.5 143
2051.5 163
2052.5 161
2053.5 167
2054.5 156
2055.5 142
2056.5 117
2057.5 93
2058.5 43
2059.5 33
2060.5 37
2061.5 14
2062.5 12
2063.5 11
2064.5 4
2065.5 4
2066.5 2
2069.5 4
2070.5 1
2071.5 1
2072.5 1
2074.5 1
2075.5 4
2077.5 5
2079.5 1
2080.5 1
2081.5 1
2082.5 4
2083.5 3
2084.5 4
2085.5 1
2086.5 5
2087.5 4
2088.5 6
2089.5 5
2090.5 5
2091.5 3
2092.5 6
2093.5 14
2094.5 11
2095.5 6
2096.5 18
2097.5 7
2098.5 5
2099.5 7
2100.5 9
2101.5 8
2102.5 7
2103.5 8
2104.5 8
2105.5 8
2106.5 10
2107.5 12
2108.5 13
2109.5 12
2110.5 10
2111.5 19
2112.5 14
2113.5 22
2114.5 20
2115.5 18
2116.5 22
2117.5 16
2118.5 10
2119.5 11
2120.5 26
2121.5 17
2122.5 21
2123.5 31
2124.5 29
2125.5 30
2126.5 39
2127.5 38
2128.5 40
2129.5 63
2130.5 63
2131.5 68
2132.5 58
2133.5 68
2134.5 92
2135.5 76
2136.5 89
2137.5 63
2138.5 55
2139.5 67
2140.5 40
2141.5 34
2142.5 34
2143.5 31
2144.5 32
2145.5 10
2146.5 14
2147.5 8
2148.5 7
2149.5 5
2150.5 7
2151.5 3
2157.5 1
2158.5 1
2168.5 1
2169.5 1
2191.5 2
2194.5 1
2195.5 1
2198.5 1
2199.5 1
2200.5 2
2203.5 3
2204.5 1
2205.5 2
2207.5 2
2208.5 2
2210.5 7
2211.5 2
2212.5 2
2213.5 8
2214.5 5
2215.5 5
2216.5 10
2217.5 11
2218.5 9
2219.5 8
2220.5 16
2221.5 13
2222.5 5
2223.5 12
2224.5 12
2225.5 26
2226.5 19
2227.5 23
2228.5 28
2229.5 28
2230.5 35
2231.5 22
2232.5 42
2233.5 37
2234.5 43
2235.5 64
2236.5 44
2237.5 42
2238.5 41
2239.5 46
2240.5 38
2241.5 46
2242.5 36
2243.5 34
2244.5 48
2245.5 42
2246.5 39
2247.5 45
2248.5 50
2249.5 57
2250.5 57
2251.5 65
2252.5 59
2253.5 80
2254.5 97
2255.5 112
2256.5 138
2257.5 132
2258.5 91
2259.5 122
2260.5 165
2261.5 167
2262.5 165
2263.5 193
2264.5 266
2265.5 316
2266.5 296
2267.5 343
2268.5 408
2269.5 448
2270.5 466
2271.5 516
2272.5 534
2273.5 556
2274.5 579
2275.5 555
2276.5 559
2277.5 407
2278.5 301
2279.5 295
2280.5 242
2281.5 179
2282.5 169
2283.5 143
2284.5 124
2285.5 83
2286.5 40
2287.5 24
2288.5 21
2289.5 6
2290.5 2
2291.5 1
2294.5 1
2297.5 1
2308.5 1
2385.5 2
2386.5 1
2387.5 1
2391.5 2
2392.5 2
2394.5 2
2395.5 2
2396.5 1
2397.5 1
2400.5 1
2401.5 4
2402.5 1
2403.5 3
2404.5 2
2405.5 3
2406.5 5
2407.5 5
2408.5 5
2409.5 2
2410.5 6
2411.5 4
2412.5 7
2413.5 10
2414.5 9
2415.5 6
2416.5 7
2417.5 5
2418.5 8
2419.5 3
2420.5 5
2421.5 2
2422.5 6
2424.5 1
2425.5 3
2426.5 1
2493.5 1
