0.5 1164
13.5 1
18.5 1
21.5 1
22.5 3
23.5 1
24.5 2
26.5 1
27.5 2
28.5 2
29.5 1
30.5 2
31.5 3
32.5 3
33.5 1
34.5 1
37.5 2
38.5 5
39.5 1
40.5 1
41.5 3
42.5 2
43.5 3
44.5 6
45.5 3
46.5 2
47.5 4
48.5 5
49.5 4
50.5 3
51.5 4
52.5 6
53.5 2
54.5 8
55.5 7
56.5 10
57.5 7
58.5 6
59.5 12
60.5 14
61.5 9
62.5 16
63.5 15
64.5 21
65.5 13
66.5 15
67.5 13
68.5 12
69.5 6
70.5 4
72.5 1
73.5 1
74.5 1
75.5 1
79.5 2
80.5 1
82.5 1
83.5 1
84.5 1
85.5 1
86.5 5
87.5 2
88.5 1
89.5 1
91.5 3
92.5 3
93.5 2
95.5 4
96.5 1
97.5 2
100.5 2
101.5 3
103.5 2
104.5 1
105.5 4
107.5 1
108.5 3
110.5 3
112.5 1
113.5 1
114.5 1
115.5 2
117.5 3
118.5 5
119.5 2
120.5 3
122.5 1
124.5 1
125.5 2
126.5 5
127.5 2
128.5 4
129.5 5
130.5 3
131.5 5
132.5 1
133.5 3
134.5 2
135.5 1
136.5 5
137.5 5
138.5 2
139.5 3
140.5 2
141.5 4
142.5 2
143.5 1
144.5 4
146.5 6
147.5 3
148.5 5
149.5 4
150.5 3
151.5 3
152.5 3
153.5 2
154.5 4
155.5 6
156.5 6
157.5 1
158.5 6
159.5 6
160.5 3
161.5 9
162.5 8
163.5 10
164.5 6
165.5 6
166.5 3
167.5 7
168.5 3
169.5 3
170.5 3
171.5 8
172.5 3
173.5 4
174.5 1
175.5 2
176.5 2
177.5 4
178.5 1
180.5 1
181.5 1
182.5 2
183.5 1
184.5 4
185.5 1
187.5 1
188.5 4
189.5 1
191.5 2
192.5 4
193.5 3
195.5 5
197.5 3
198.5 1
199.5 2
200.5 3
201.5 1
202.5 2
204.5 1
205.5 3
207.5 3
208.5 2
209.5 2
210.5 1
211.5 3
212.5 1
214.5 4
215.5 4
216.5 3
217.5 1
218.5 3
219.5 7
220.5 9
221.5 8
222.5 12
223.5 6
224.5 13
225.5 9
226.5 13
227.5 11
228.5 11
229.5 13
230.5 9
231.5 13
232.5 5
233.5 9
234.5 5
235.5 7
236.5 5
237.5 4
238.5 4
239.5 2
240.5 3
241.5 3
242.5 6
243.5 2
244.5 2
245.5 4
246.5 4
247.5 4
248.5 4
249.5 4
250.5 1
251.5 2
252.5 2
254.5 3
255.5 3
258.5 3
260.5 2
261.5 5
262.5 2
263.5 3
264.5 6
265.5 6
266.5 3
267.5 4
268.5 4
269.5 3
270.5 4
271.5 2
272.5 9
273.5 1
274.5 2
275.5 1
276.5 1
277.5 2
278.5 3
279.5 3
280.5 4
281.5 2
282.5 1
284.5 2
285.5 3
286.5 3
287.5 3
288.5 1
290.5 2
291.5 1
292.5 2
293.5 1
294.5 1
296.5 2
297.5 1
301.5 3
302.5 1
303.5 2
304.5 1
305.5 1
306.5 4
309.5 2
310.5 1
311.5 4
312.5 2
313.5 2
314.5 2
315.5 2
316.5 4
317.5 1
318.5 2
319.5 1
320.5 2
321.5 6
322.5 2
323.5 4
324.5 5
325.5 9
326.5 8
327.5 9
328.5 7
329.5 7
330.5 11
331.5 13
332.5 11
333.5 11
334.5 10
335.5 10
336.5 15
337.5 7
338.5 5
339.5 11
340.5 11
341.5 8
342.5 4
343.5 7
344.5 2
345.5 3
346.5 5
347.5 5
348.5 1
349.5 2
350.5 2
351.5 4
352.5 4
353.5 3
354.5 4
355.5 3
356.5 8
357.5 7
358.5 1
359.5 11
360.5 8
361.5 10
362.5 13
363.5 7
364.5 9
365.5 18
366.5 4
367.5 10
368.5 5
369.5 6
370.5 4
371.5 3
372.5 1
373.5 3
374.5 2
376.5 2
377.5 2
378.5 1
379.5 1
380.5 2
381.5 2
382.5 1
383.5 1
385.5 1
386.5 1
387.5 4
388.5 3
389.5 1
390.5 1
391.5 2
392.5 2
393.5 5
394.5 4
395.5 6
396.5 2
397.5 9
398.5 4
399.5 2
400.5 7
401.5 5
402.5 1
403.5 6
404.5 7
405.5 6
406.5 4
407.5 2
408.5 11
409.5 4
410.5 6
411.5 4
412.5 10
413.5 9
414.5 13
415.5 15
416.5 15
417.5 11
418.5 12
419.5 16
420.5 12
421.5 3
422.5 5
423.5 1
424.5 7
425.5 2
427.5 2
428.5 2
429.5 1
431.5 1
433.5 2
434.5 2
435.5 2
436.5 1
437.5 1
439.5 5
441.5 1
442.5 4
443.5 4
444.5 3
445.5 4
446.5 2
449.5 2
451.5 1
452.5 2
459.5 1
460.5 1
462.5 1
466.5 1
468.5 1
471.5 1
472.5 1
474.5 2
478.5 2
488.5 1
490.5 2
492.5 1
493.5 2
495.5 1
498.5 1
499.5 1
506.5 1
507.5 1
508.5 1
509.5 1
512.5 1
515.5 2
516.5 1
519.5 1
521.5 3
524.5 2
527.5 1
528.5 1
529.5 3
531.5 1
532.5 1
533.5 1
534.5 2
535.5 1
536.5 3
537.5 1
538.5 1
540.5 1
543.5 3
544.5 2
545.5 4
546.5 1
547.5 4
548.5 6
549.5 3
550.5 2
551.5 3
552.5 2
553.5 2
554.5 1
555.5 1
557.5 1
558.5 2
561.5 1
562.5 1
563.5 5
564.5 1
565.5 3
568.5 1
570.5 1
571.5 1
573.5 2
574.5 2
575.5 5
576.5 4
577.5 3
579.5 1
580.5 2
581.5 3
582.5 2
583.5 5
584.5 4
585.5 4
586.5 3
587.5 3
588.5 3
590.5 1
591.5 1
592.5 1
593.5 2
594.5 3
596.5 1
597.5 1
598.5 2
599.5 1
600.5 2
601.5 1
602.5 1
603.5 1
604.5 3
606.5 1
609.5 1
610.5 1
611.5 1
612.5 2
613.5 6
614.5 6
615.5 4
616.5 2
617.5 2
618.5 2
619.5 7
620.5 4
621.5 6
622.5 4
623.5 1
624.5 3
625.5 9
626.5 10
627.5 5
628.5 3
629.5 7
630.5 7
631.5 6
632.5 4
633.5 6
634.5 4
635.5 4
636.5 4
638.5 3
639.5 3
640.5 2
641.5 1
642.5 2
643.5 1
645.5 1
646.5 2
647.5 1
648.5 1
649.5 1
650.5 1
652.5 1
656.5 1
657.5 2
659.5 1
660.5 1
661.5 1
662.5 1
663.5 4
664.5 1
666.5 2
667.5 2
668.5 1
669.5 2
670.5 2
671.5 3
673.5 2
674.5 1
675.5 1
676.5 2
677.5 1
678.5 3
679.5 6
680.5 1
681.5 3
682.5 1
683.5 4
684.5 3
685.5 9
686.5 7
687.5 4
688.5 5
689.5 8
690.5 6
691.5 8
692.5 4
693.5 4
694.5 14
695.5 8
696.5 13
697.5 7
698.5 8
699.5 3
700.5 13
701.5 19
702.5 10
703.5 9
704.5 9
705.5 13
706.5 18
707.5 21
708.5 34
709.5 30
710.5 35
711.5 45
712.5 53
713.5 52
714.5 70
715.5 108
716.5 86
717.5 119
718.5 113
719.5 164
720.5 167
721.5 183
722.5 217
723.5 256
724.5 273
725.5 273
726.5 345
727.5 371
728.5 422
729.5 418
730.5 532
731.5 559
732.5 640
733.5 681
734.5 759
735.5 847
736.5 988
737.5 946
738.5 830
739.5 898
740.5 977
741.5 932
742.5 960
743.5 892
744.5 994
745.5 1017
746.5 1070
747.5 992
748.5 994
749.5 965
750.5 1002
751.5 1071
752.5 1041
753.5 1035
754.5 1076
755.5 1016
756.5 1065
757.5 943
758.5 944
759.5 1030
760.5 1047
761.5 1051
762.5 1002
763.5 932
764.5 897
765.5 973
766.5 883
767.5 894
768.5 847
769.5 806
770.5 719
771.5 587
772.5 542
773.5 449
774.5 355
775.5 279
776.5 188
777.5 126
778.5 107
779.5 64
780.5 40
781.5 17
782.5 13
783.5 9
784.5 5
785.5 3
786.5 2
793.5 1
794.5 1
796.5 1
801.5 1
802.5 2
806.5 1
809.5 1
811.5 2
813.5 2
816.5 1
817.5 1
818.5 1
825.5 2
826.5 1
828.5 1
829.5 2
830.5 1
831.5 1
838.5 1
840.5 3
841.5 1
845.5 1
846.5 1
849.5 2
850.5 1
852.5 1
854.5 2
860.5 1
862.5 1
866.5 1
870.5 1
871.5 1
874.5 1
875.5 1
878.5 1
880.5 1
884.5 1
886.5 1
887.5 1
888.5 1
892.5 2
893.5 2
894.5 1
895.5 1
900.5 1
902.5 1
903.5 1
905.5 1
906.5 1
907.5 1
909.5 1
912.5 1
913.5 1
914.5 2
915.5 1
916.5 1
917.5 2
921.5 1
922.5 3
923.5 2
925.5 5
926.5 1
927.5 4
928.5 1
930.5 4
932.5 2
933.5 2
934.5 2
935.5 1
936.5 2
937.5 1
939.5 2
940.5 2
941.5 1
942.5 3
947.5 4
950.5 3
953.5 2
960.5 1
963.5 1
965.5 1
968.5 1
971.5 1
976.5 1
977.5 1
979.5 1
980.5 1
981.5 1
985.5 2
986.5 1
987.5 3
988.5 1
989.5 1
990.5 2
991.5 1
992.5 5
994.5 1
995.5 1
997.5 4
998.5 2
999.5 3
1000.5 3
1001.5 1
1002.5 8
1003.5 5
1004.5 6
1005.5 9
1006.5 11
1007.5 13
1008.5 13
1009.5 9
1010.5 11
1011.5 12
1012.5 9
1013.5 7
1014.5 9
1015.5 4
1016.5 5
1018.5 3
1020.5 1
1021.5 1
1023.5 1
1026.5 1
1027.5 1
1028.5 1
1029.5 1
1030.5 1
1033.5 1
1035.5 2
1037.5 3
1038.5 1
1042.5 2
1045.5 2
1046.5 1
1047.5 3
1049.5 4
1050.5 2
1051.5 1
1054.5 1
1055.5 6
1056.5 1
1057.5 3
1058.5 4
1059.5 2
1060.5 3
1061.5 5
1062.5 1
1063.5 1
1064.5 3
1065.5 2
1066.5 4
1067.5 8
1068.5 6
1069.5 7
1070.5 7
1071.5 13
1072.5 11
1073.5 4
1074.5 6
1075.5 10
1076.5 7
1077.5 7
1078.5 1
1079.5 1
1080.5 4
1082.5 1
1085.5 1
1088.5 1
1089.5 1
1090.5 1
1091.5 1
1095.5 1
1096.5 1
1097.5 1
1099.5 1
1100.5 2
1103.5 2
1106.5 3
1108.5 1
1113.5 1
1114.5 3
1115.5 1
1116.5 1
1117.5 2
1118.5 2
1122.5 3
1127.5 1
1132.5 1
1136.5 1
1137.5 1
1138.5 1
1142.5 1
1143.5 2
1146.5 1
1148.5 1
1149.5 1
1150.5 1
1152.5 1
1153.5 1
1154.5 2
1157.5 1
1158.5 1
1159.5 1
1161.5 2
1162.5 1
1165.5 1
1169.5 1
1171.5 1
1173.5 1
1177.5 1
1179.5 1
1180.5 2
1181.5 1
1182.5 1
1184.5 2
1187.5 2
1190.5 1
1191.5 2
1192.5 5
1193.5 4
1194.5 1
1195.5 2
1196.5 3
1197.5 2
1200.5 3
1201.5 1
1202.5 5
1203.5 6
1204.5 4
1205.5 4
1207.5 7
1208.5 6
1209.5 1
1210.5 11
1211.5 1
1212.5 5
1213.5 5
1214.5 9
1215.5 10
1216.5 5
1217.5 5
1218.5 5
1219.5 3
1220.5 2
1221.5 3
1222.5 6
1223.5 5
1224.5 3
1225.5 3
1226.5 4
1227.5 3
1228.5 1
1229.5 4
1230.5 5
1231.5 4
1232.5 7
1233.5 2
1234.5 7
1235.5 7
1236.5 8
1237.5 3
1238.5 12
1239.5 8
1240.5 12
1241.5 11
1242.5 22
1243.5 18
1244.5 15
1245.5 14
1246.5 23
1247.5 26
1248.5 38
1249.5 27
1250.5 57
1251.5 41
1252.5 44
1253.5 44
1254.5 42
1255.5 48
1256.5 45
1257.5 31
1258.5 31
1259.5 25
1260.5 18
1261.5 6
1262.5 5
1263.5 8
1264.5 3
1265.5 3
1266.5 2
1267.5 1
1269.5 1
1270.5 2
1271.5 1
1273.5 1
1275.5 1
1276.5 1
1277.5 1
1278.5 1
1283.5 1
1284.5 1
1287.5 2
1289.5 1
1291.5 2
1292.5 7
1295.5 4
1296.5 2
1297.5 1
1299.5 2
1300.5 2
1301.5 1
1304.5 1
1307.5 2
1308.5 2
1309.5 2
1310.5 2
1311.5 3
1313.5 2
1315.5 3
1316.5 1
1318.5 1
1319.5 1
1320.5 1
1327.5 2
1328.5 1
1329.5 3
1341.5 1
1349.5 1
1350.5 3
1352.5 1
1359.5 1
1361.5 2
1362.5 1
1365.5 1
1367.5 2
1374.5 1
1375.5 1
1377.5 1
1379.5 1
1384.5 1
1385.5 1
1386.5 1
1390.5 1
1391.5 2
1392.5 2
1395.5 2
1397.5 2
1398.5 2
1399.5 4
1400.5 2
1401.5 3
1402.5 1
1403.5 1
1404.5 6
1405.5 4
1406.5 5
1407.5 9
1408.5 3
1409.5 6
1410.5 8
1411.5 6
1412.5 1
1413.5 3
1414.5 2
1415.5 2
1416.5 3
1418.5 2
1419.5 1
1420.5 1
1421.5 2
1423.5 3
1430.5 1
1432.5 1
1433.5 1
1436.5 1
1438.5 2
1439.5 1
1451.5 1
1452.5 1
1454.5 1
1455.5 1
1458.5 1
1459.5 3
1462.5 2
1463.5 2
1465.5 1
1466.5 3
1467.5 1
1468.5 2
1469.5 4
1470.5 4
1471.5 5
1473.5 6
1474.5 2
1475.5 1
1476.5 5
1477.5 8
1478.5 6
1479.5 5
1480.5 11
1481.5 13
1482.5 10
1483.5 12
1484.5 12
1485.5 11
1486.5 16
1487.5 19
1488.5 21
1489.5 17
1490.5 17
1491.5 10
1492.5 10
1493.5 4
1494.5 8
1495.5 4
1496.5 1
1497.5 2
1499.5 2
1500.5 2
1501.5 2
1502.5 1
1503.5 1
1504.5 1
1505.5 2
1506.5 1
1507.5 2
1511.5 1
1512.5 1
1513.5 1
1514.5 4
1515.5 3
1516.5 2
1517.5 5
1518.5 6
1519.5 10
1520.5 9
1521.5 6
1522.5 8
1523.5 5
1524.5 3
1525.5 9
1526.5 7
1527.5 12
1528.5 9
1529.5 8
1530.5 7
1531.5 6
1532.5 7
1533.5 2
1534.5 4
1535.5 2
1536.5 4
1538.5 1
1543.5 1
1550.5 1
1555.5 1
1556.5 2
1558.5 2
1560.5 1
1561.5 1
1564.5 1
1569.5 1
1570.5 1
1571.5 1
1575.5 1
1576.5 1
1577.5 1
1578.5 3
1581.5 1
1582.5 2
1584.5 3
1586.5 3
1587.5 1
1588.5 3
1589.5 4
1591.5 3
1592.5 4
1593.5 4
1594.5 1
1595.5 2
1596.5 4
1597.5 2
1598.5 1
1599.5 2
1600.5 3
1601.5 4
1602.5 6
1603.5 6
1604.5 4
1605.5 2
1606.5 9
1607.5 5
1608.5 10
1609.5 12
1610.5 9
1611.5 8
1612.5 12
1613.5 10
1614.5 22
1615.5 20
1616.5 17
1617.5 21
1618.5 25
1619.5 23
1620.5 28
1621.5 18
1622.5 14
1623.5 16
1624.5 16
1625.5 8
1626.5 11
1627.5 11
1628.5 14
1629.5 10
1630.5 13
1631.5 3
1632.5 7
1633.5 11
1634.5 7
1635.5 13
1636.5 14
1637.5 14
1638.5 12
1639.5 16
1640.5 21
1641.5 16
1642.5 28
1643.5 32
1644.5 35
1645.5 38
1646.5 46
1647.5 30
1648.5 38
1649.5 51
1650.5 40
1651.5 33
1652.5 33
1653.5 21
1654.5 20
1655.5 12
1656.5 8
1657.5 5
1658.5 8
1659.5 5
1660.5 4
1661.5 2
1662.5 1
1664.5 1
1666.5 1
1667.5 3
1668.5 2
1669.5 2
1671.5 2
1672.5 5
1674.5 6
1675.5 6
1676.5 1
1677.5 6
1678.5 4
1679.5 8
1680.5 2
1681.5 3
1682.5 5
1683.5 3
1684.5 3
1685.5 5
1686.5 9
1687.5 11
1688.5 4
1689.5 7
1690.5 7
1691.5 8
1692.5 7
1693.5 3
1694.5 3
1695.5 6
1696.5 4
1697.5 8
1698.5 5
1699.5 2
1701.5 3
1702.5 2
1704.5 3
1705.5 1
1707.5 1
1708.5 1
1709.5 1
1710.5 1
1711.5 2
1712.5 2
1713.5 1
1716.5 1
1718.5 1
1719.5 1
1722.5 1
1723.5 1
1724.5 2
1726.5 1
1728.5 1
1730.5 2
1731.5 1
1733.5 1
1735.5 1
1738.5 2
1739.5 1
1741.5 1
1742.5 1
1744.5 1
1746.5 1
1747.5 1
1749.5 1
1751.5 1
1756.5 2
1763.5 1
1769.5 1
1771.5 2
1776.5 1
1777.5 2
1779.5 3
1781.5 1
1783.5 2
1784.5 1
1785.5 1
1789.5 2
1791.5 2
1793.5 3
1795.5 4
1796.5 1
1797.5 2
1798.5 3
1799.5 2
1800.5 1
1801.5 1
1802.5 1
1803.5 1
1804.5 1
1805.5 2
1807.5 1
1809.5 1
1810.5 1
1812.5 2
1813.5 1
1814.5 1
1818.5 1
1821.5 1
1824.5 1
1826.5 1
1831.5 1
1834.5 1
1835.5 2
1836.5 1
1840.5 2
1841.5 1
1842.5 1
1848.5 2
1850.5 2
1851.5 2
1855.5 4
1856.5 1
1857.5 1
1860.5 1
1862.5 2
1863.5 5
1864.5 2
1865.5 4
1866.5 4
1867.5 7
1868.5 7
1869.5 3
1870.5 6
1871.5 10
1872.5 10
1873.5 7
1874.5 7
1875.5 18
1876.5 8
1877.5 6
1878.5 11
1879.5 18
1880.5 14
1881.5 20
1882.5 9
1883.5 8
1884.5 6
1885.5 3
1886.5 6
1888.5 2
1889.5 1
1890.5 1
1891.5 6
1892.5 2
1893.5 4
1894.5 1
1895.5 4
1896.5 2
1897.5 3
1898.5 1
1899.5 6
1900.5 1
1901.5 1
1902.5 1
1903.5 1
1904.5 4
1906.5 1
1907.5 2
1909.5 1
1910.5 2
1912.5 4
1915.5 1
1918.5 2
1919.5 1
1921.5 1
1923.5 1
1924.5 1
1931.5 1
1933.5 1
1934.5 1
1935.5 1
1939.5 2
1940.5 1
1943.5 1
1945.5 1
1946.5 2
1949.5 1
1950.5 1
1953.5 1
1954.5 1
1962.5 1
1963.5 1
1964.5 2
1965.5 2
1967.5 1
1968.5 1
1969.5 1
1971.5 2
1973.5 1
1974.5 3
1975.5 1
1976.5 1
1977.5 3
1978.5 2
1979.5 2
1980.5 3
1981.5 3
1982.5 2
1983.5 1
1984.5 1
1985.5 1
1986.5 2
1987.5 4
1988.5 2
1989.5 1
1990.5 3
1991.5 1
1992.5 4
1993.5 5
1994.5 3
1995.5 6
1996.5 6
1997.5 7
1998.5 2
1999.5 3
2000.5 1
2001.5 2
2002.5 3
2004.5 1
2007.5 4
2008.5 1
2009.5 1
2012.5 1
2015.5 1
2018.5 1
2020.5 1
2028.5 1
2032.5 1
2036.5 1
2040.5 1
2050.5 1
2054.5 1
2070.5 1
2071.5 1
2075.5 1
2077.5 1
2082.5 1
2083.5 2
2084.5 2
2085.5 1
2088.5 1
2090.5 1
2092.5 1
2094.5 1
2095.5 1
2096.5 1
2097.5 1
2098.5 1
2099.5 1
2100.5 1
2102.5 1
2104.5 1
2105.5 2
2107.5 1
2108.5 2
2110.5 2
2111.5 4
2112.5 3
2113.5 1
2115.5 3
2116.5 2
2117.5 4
2118.5 3
2119.5 6
2120.5 3
2121.5 1
2122.5 1
2123.5 3
2124.5 5
2125.5 2
2126.5 2
2127.5 5
2128.5 6
2129.5 7
2130.5 8
2131.5 5
2132.5 7
2133.5 13
2134.5 10
2135.5 12
2136.5 12
2137.5 14
2138.5 14
2139.5 11
2140.5 13
2141.5 18
2142.5 17
2143.5 10
2144.5 14
2145.5 15
2146.5 18
2147.5 14
2148.5 27
2149.5 28
2150.5 21
2151.5 35
2152.5 33
2153.5 45
2154.5 29
2155.5 41
2156.5 60
2157.5 50
2158.5 61
2159.5 70
2160.5 84
2161.5 102
2162.5 115
2163.5 159
2164.5 141
2165.5 165
2166.5 168
2167.5 170
2168.5 176
2169.5 117
2170.5 89
2171.5 75
2172.5 48
2173.5 39
2174.5 27
2175.5 14
2176.5 9
2177.5 6
2178.5 6
2179.5 6
2180.5 2
2181.5 3
2182.5 1
2185.5 2
2186.5 1
2191.5 1
2192.5 4
2193.5 1
2194.5 2
2195.5 5
2197.5 1
2199.5 3
2201.5 1
2203.5 1
2204.5 1
2205.5 3
2207.5 1
2208.5 2
2209.5 2
2210.5 1
2211.5 1
2212.5 2
2213.5 3
2214.5 2
2215.5 2
2216.5 1
2218.5 2
2219.5 3
2220.5 3
2221.5 2
2222.5 2
2223.5 2
2224.5 3
2228.5 1
2232.5 1
2233.5 1
2234.5 2
2235.5 2
2240.5 1
2241.5 1
2269.5 1
2273.5 1
2277.5 1
2280.5 1
2282.5 1
2286.5 1
2288.5 2
2292.5 1
2293.5 1
2299.5 1
2301.5 1
2303.5 2
2305.5 1
2309.5 1
2313.5 1
2314.5 2
2316.5 1
2317.5 2
2320.5 2
2321.5 2
2322.5 1
2324.5 1
2325.5 1
2326.5 1
2328.5 2
2329.5 4
2330.5 1
2331.5 1
2337.5 1
2338.5 1
2339.5 2
2341.5 1
2343.5 2
2345.5 3
2346.5 2
2347.5 2
2349.5 2
2350.5 4
2351.5 4
2352.5 3
2353.5 1
2354.5 2
2355.5 4
2356.5 2
2357.5 4
2358.5 4
2359.5 3
2360.5 3
2361.5 3
2362.5 6
2363.5 5
2364.5 2
2365.5 3
2366.5 2
2367.5 5
2368.5 3
2369.5 4
2370.5 4
2371.5 2
2372.5 3
2373.5 6
2374.5 7
2375.5 4
2376.5 8
2377.5 10
2378.5 6
2379.5 4
2380.5 6
2381.5 10
2382.5 5
2383.5 9
2384.5 3
2385.5 10
2386.5 9
2387.5 5
2388.5 7
2389.5 9
2390.5 12
2391.5 20
2392.5 14
2393.5 17
2394.5 25
2395.5 18
2396.5 19
2397.5 21
2398.5 21
2399.5 30
2400.5 28
2401.5 32
2402.5 37
2403.5 39
2404.5 50
2405.5 45
2406.5 60
2407.5 53
2408.5 65
2409.5 84
2410.5 81
2411.5 105
2412.5 114
2413.5 143
2414.5 189
2415.5 197
2416.5 236
2417.5 248
2418.5 265
2419.5 222
2420.5 279
2421.5 304
2422.5 256
2423.5 217
2424.5 184
2425.5 199
2426.5 147
2427.5 124
2428.5 114
2429.5 67
2430.5 45
2431.5 40
2432.5 17
2433.5 9
2434.5 8
2435.5 6
2436.5 3
2438.5 3
2440.5 1
2441.5 1
2446.5 1
2448.5 2
2451.5 1
2459.5 1
2460.5 1
2468.5 1
2470.5 1
2472.5 1
2477.5 1
2481.5 1
2482.5 1
2485.5 1
2488.5 1
2489.5 1
2500.5 1
2501.5 1
2504.5 1
2505.5 1
2507.5 2
2512.5 1
2513.5 1
2514.5 3
2516.5 8
