0.5 1686
10.5 1
12.5 1
13.5 1
14.5 1
15.5 4
16.5 1
17.5 6
18.5 7
19.5 9
20.5 18
21.5 22
22.5 21
23.5 25
24.5 42
25.5 31
26.5 36
27.5 52
28.5 52
29.5 69
30.5 67
31.5 66
32.5 81
33.5 104
34.5 112
35.5 115
36.5 116
37.5 153
38.5 126
39.5 124
40.5 152
41.5 167
42.5 156
43.5 202
44.5 217
45.5 219
46.5 203
47.5 231
48.5 255
49.5 209
50.5 247
51.5 236
52.5 225
53.5 250
54.5 246
55.5 260
56.5 263
57.5 267
58.5 245
59.5 221
60.5 235
61.5 232
62.5 218
63.5 216
64.5 225
65.5 224
66.5 202
67.5 228
68.5 201
69.5 221
70.5 227
71.5 196
72.5 208
73.5 220
74.5 214
75.5 242
76.5 260
77.5 243
78.5 245
79.5 216
80.5 211
81.5 223
82.5 250
83.5 234
84.5 235
85.5 256
86.5 248
87.5 245
88.5 264
89.5 239
90.5 259
91.5 229
92.5 247
93.5 252
94.5 224
95.5 281
96.5 293
97.5 258
98.5 227
99.5 243
100.5 243
101.5 233
102.5 247
103.5 251
104.5 259
105.5 254
106.5 280
107.5 257
108.5 222
109.5 272
110.5 237
111.5 252
112.5 240
113.5 267
114.5 266
115.5 279
116.5 296
117.5 282
118.5 220
119.5 258
120.5 276
121.5 244
122.5 263
123.5 266
124.5 274
125.5 288
126.5 295
127.5 288
128.5 283
129.5 300
130.5 304
131.5 260
132.5 259
133.5 307
134.5 294
135.5 306
136.5 281
137.5 280
138.5 279
139.5 252
140.5 286
141.5 285
142.5 261
143.5 261
144.5 288
145.5 309
146.5 318
147.5 308
148.5 302
149.5 318
150.5 307
151.5 288
152.5 307
153.5 301
154.5 325
155.5 325
156.5 301
157.5 331
158.5 303
159.5 325
160.5 293
161.5 299
162.5 324
163.5 302
164.5 343
165.5 334
166.5 310
167.5 319
168.5 339
169.5 290
170.5 284
171.5 289
172.5 307
173.5 322
174.5 345
175.5 322
176.5 322
177.5 336
178.5 279
179.5 348
180.5 339
181.5 320
182.5 303
183.5 340
184.5 348
185.5 361
186.5 384
187.5 331
188.5 366
189.5 395
190.5 359
191.5 377
192.5 369
193.5 411
194.5 370
195.5 397
196.5 361
197.5 375
198.5 353
199.5 391
200.5 404
201.5 367
202.5 361
203.5 373
204.5 395
205.5 441
206.5 421
207.5 418
208.5 418
209.5 411
210.5 401
211.5 412
212.5 424
213.5 413
214.5 418
215.5 480
216.5 473
217.5 441
218.5 443
219.5 455
220.5 444
221.5 425
222.5 439
223.5 456
224.5 459
225.5 497
226.5 479
227.5 469
228.5 429
229.5 448
230.5 466
231.5 435
232.5 441
233.5 422
234.5 448
235.5 478
236.5 466
237.5 446
238.5 450
239.5 413
240.5 377
241.5 402
242.5 383
243.5 381
244.5 419
245.5 399
246.5 391
247.5 369
248.5 386
249.5 385
250.5 365
251.5 357
252.5 362
253.5 383
254.5 355
255.5 379
256.5 375
257.5 369
258.5 333
259.5 360
260.5 348
261.5 364
262.5 317
263.5 340
264.5 332
265.5 342
266.5 319
267.5 308
268.5 308
269.5 279
270.5 287
271.5 302
272.5 309
273.5 269
274.5 301
275.5 303
276.5 265
277.5 260
278.5 238
279.5 248
280.5 225
281.5 230
282.5 216
283.5 207
284.5 214
285.5 201
286.5 191
287.5 161
288.5 184
289.5 152
290.5 160
291.5 125
292.5 138
293.5 101
294.5 88
295.5 107
296.5 79
297.5 78
298.5 60
299.5 60
300.5 38
301.5 33
302.5 37
303.5 22
304.5 20
305.5 13
306.5 17
307.5 11
308.5 15
309.5 11
310.5 7
311.5 5
312.5 7
313.5 11
314.5 11
315.5 14
316.5 19
317.5 19
318.5 29
319.5 26
320.5 28
321.5 38
322.5 35
323.5 43
324.5 77
325.5 74
326.5 81
327.5 93
328.5 68
329.5 64
330.5 54
331.5 34
332.5 33
333.5 28
334.5 17
335.5 10
336.5 4
337.5 12
338.5 6
339.5 6
340.5 5
341.5 5
342.5 6
343.5 3
344.5 9
345.5 4
346.5 11
347.5 7
348.5 13
349.5 16
350.5 12
351.5 30
352.5 29
353.5 20
354.5 38
355.5 42
356.5 49
357.5 37
358.5 41
359.5 32
360.5 24
361.5 27
362.5 19
363.5 17
364.5 9
365.5 5
366.5 5
367.5 5
368.5 4
369.5 6
370.5 8
371.5 5
372.5 6
373.5 5
374.5 3
375.5 1
376.5 5
377.5 4
378.5 3
379.5 4
380.5 6
381.5 5
382.5 4
383.5 8
384.5 6
385.5 2
386.5 8
387.5 5
388.5 5
389.5 8
390.5 6
391.5 6
392.5 6
393.5 9
394.5 9
395.5 13
396.5 7
397.5 6
398.5 8
399.5 19
400.5 13
401.5 11
402.5 22
403.5 40
404.5 39
405.5 40
406.5 39
407.5 33
408.5 44
409.5 43
410.5 49
411.5 54
412.5 43
413.5 35
414.5 29
415.5 23
416.5 17
417.5 9
418.5 14
419.5 5
420.5 5
421.5 6
422.5 2
423.5 4
425.5 3
426.5 4
427.5 2
428.5 5
429.5 1
430.5 4
431.5 2
432.5 1
433.5 7
434.5 2
435.5 2
436.5 7
437.5 2
438.5 7
439.5 5
440.5 4
441.5 5
442.5 6
443.5 6
444.5 6
445.5 6
446.5 5
447.5 6
448.5 7
449.5 8
450.5 3
451.5 7
452.5 5
453.5 4
454.5 8
455.5 5
456.5 11
457.5 7
458.5 5
459.5 6
460.5 10
461.5 9
462.5 4
463.5 9
464.5 7
465.5 10
466.5 8
467.5 9
468.5 7
469.5 7
470.5 5
471.5 11
472.5 3
473.5 10
474.5 11
475.5 7
476.5 4
477.5 13
478.5 6
479.5 5
480.5 8
481.5 3
482.5 11
483.5 6
484.5 4
485.5 7
486.5 12
487.5 9
488.5 12
489.5 6
490.5 8
491.5 4
492.5 5
493.5 10
494.5 8
495.5 7
496.5 11
497.5 8
498.5 10
499.5 12
500.5 6
501.5 8
502.5 4
503.5 7
504.5 8
505.5 9
506.5 11
507.5 7
508.5 9
509.5 6
510.5 10
511.5 6
512.5 3
513.5 9
514.5 12
515.5 12
516.5 9
517.5 11
518.5 6
519.5 10
520.5 8
521.5 10
522.5 11
523.5 11
524.5 5
525.5 8
526.5 16
527.5 12
528.5 8
529.5 8
530.5 13
531.5 12
532.5 19
533.5 15
534.5 14
535.5 10
536.5 12
537.5 14
538.5 7
539.5 6
540.5 6
541.5 6
542.5 5
543.5 6
544.5 7
545.5 8
546.5 3
547.5 5
548.5 8
549.5 5
550.5 4
551.5 3
552.5 3
553.5 2
554.5 5
555.5 6
556.5 6
557.5 7
558.5 3
559.5 4
560.5 6
561.5 8
562.5 4
563.5 7
564.5 5
565.5 9
566.5 5
567.5 9
568.5 8
569.5 14
570.5 15
571.5 11
572.5 12
573.5 10
574.5 13
575.5 20
576.5 24
577.5 10
578.5 12
579.5 19
580.5 10
581.5 13
582.5 5
583.5 5
584.5 4
585.5 6
586.5 4
587.5 5
588.5 2
589.5 2
590.5 4
591.5 2
592.5 3
593.5 10
594.5 10
595.5 4
596.5 2
597.5 5
598.5 13
599.5 8
600.5 5
601.5 19
602.5 15
603.5 12
604.5 18
605.5 22
606.5 18
607.5 16
608.5 25
609.5 26
610.5 25
611.5 21
612.5 21
613.5 21
614.5 23
615.5 17
616.5 18
617.5 13
618.5 17
619.5 17
620.5 22
621.5 14
622.5 19
623.5 17
624.5 20
625.5 13
626.5 21
627.5 13
628.5 5
629.5 5
630.5 11
631.5 5
632.5 4
633.5 5
634.5 8
635.5 9
636.5 4
637.5 4
639.5 5
640.5 1
641.5 3
642.5 1
643.5 1
644.5 1
645.5 4
646.5 1
647.5 1
649.5 2
650.5 1
653.5 1
654.5 1
655.5 2
656.5 2
657.5 2
658.5 1
660.5 1
662.5 2
663.5 1
664.5 2
668.5 2
669.5 1
671.5 2
674.5 2
675.5 1
676.5 2
677.5 3
679.5 2
682.5 2
684.5 1
686.5 2
688.5 3
691.5 1
693.5 1
694.5 1
696.5 1
697.5 1
698.5 2
699.5 1
700.5 1
701.5 2
702.5 4
703.5 2
704.5 2
705.5 3
706.5 1
707.5 4
708.5 3
709.5 4
710.5 9
711.5 6
712.5 6
713.5 6
714.5 3
715.5 5
716.5 3
717.5 7
718.5 4
719.5 5
720.5 6
721.5 2
722.5 4
723.5 1
724.5 9
725.5 3
726.5 7
727.5 4
728.5 2
729.5 8
730.5 3
731.5 3
732.5 10
733.5 10
734.5 12
735.5 6
736.5 9
737.5 6
738.5 9
739.5 5
740.5 9
741.5 8
742.5 7
743.5 5
744.5 3
745.5 4
746.5 4
747.5 3
748.5 2
750.5 2
751.5 2
752.5 1
756.5 1
757.5 1
758.5 2
759.5 1
760.5 1
762.5 2
763.5 4
764.5 2
765.5 3
766.5 2
767.5 3
768.5 4
769.5 4
770.5 2
771.5 2
772.5 7
773.5 2
774.5 7
775.5 1
776.5 3
777.5 3
778.5 1
779.5 2
780.5 3
781.5 1
782.5 1
783.5 1
784.5 1
785.5 2
786.5 2
787.5 3
788.5 5
789.5 4
790.5 3
791.5 1
792.5 2
793.5 2
794.5 2
795.5 1
796.5 2
797.5 2
798.5 2
799.5 1
800.5 3
801.5 5
802.5 2
803.5 4
805.5 3
807.5 3
808.5 1
809.5 2
810.5 3
811.5 3
812.5 3
813.5 6
814.5 4
815.5 3
816.5 3
817.5 4
818.5 3
820.5 1
821.5 3
822.5 2
823.5 1
824.5 2
825.5 2
826.5 1
830.5 2
831.5 1
832.5 1
833.5 1
835.5 1
837.5 1
838.5 1
840.5 1
841.5 1
842.5 2
843.5 5
845.5 1
846.5 1
847.5 1
849.5 2
850.5 1
852.5 1
853.5 2
855.5 1
857.5 1
858.5 1
859.5 1
860.5 1
862.5 5
863.5 6
864.5 2
865.5 5
866.5 2
867.5 4
868.5 1
869.5 1
870.5 2
871.5 4
873.5 1
874.5 2
875.5 1
876.5 4
877.5 3
879.5 5
881.5 1
882.5 1
885.5 2
886.5 1
887.5 4
888.5 1
889.5 2
891.5 2
892.5 4
893.5 2
894.5 2
895.5 1
896.5 3
897.5 3
898.5 4
899.5 1
900.5 3
901.5 1
902.5 2
903.5 1
905.5 1
906.5 1
907.5 2
908.5 4
909.5 2
910.5 1
911.5 2
912.5 2
914.5 1
915.5 3
916.5 3
917.5 2
919.5 2
920.5 1
921.5 2
922.5 3
923.5 1
924.5 2
925.5 6
926.5 5
927.5 3
928.5 3
929.5 5
930.5 4
931.5 2
932.5 4
933.5 7
934.5 6
935.5 7
936.5 11
937.5 7
938.5 14
939.5 12
940.5 8
941.5 11
942.5 6
943.5 4
944.5 3
945.5 2
946.5 3
947.5 2
948.5 1
949.5 3
951.5 2
953.5 2
954.5 3
955.5 2
957.5 1
958.5 5
960.5 1
961.5 2
962.5 1
963.5 4
964.5 3
965.5 4
966.5 1
967.5 4
968.5 2
969.5 1
971.5 3
972.5 4
973.5 1
974.5 1
975.5 4
977.5 8
978.5 5
979.5 7
981.5 6
982.5 4
983.5 6
984.5 7
985.5 7
986.5 9
987.5 7
988.5 6
989.5 6
990.5 18
991.5 11
992.5 17
993.5 14
994.5 22
995.5 29
996.5 33
997.5 39
998.5 32
999.5 40
1000.5 53
1001.5 61
1002.5 40
1003.5 53
1004.5 56
1005.5 61
1006.5 56
1007.5 53
1008.5 27
1009.5 23
1010.5 19
1011.5 9
1012.5 15
1013.5 10
1014.5 10
1015.5 3
1016.5 2
1017.5 6
1018.5 3
1020.5 2
1021.5 2
1022.5 5
1024.5 1
1025.5 2
1029.5 1
1030.5 1
1031.5 4
1032.5 4
1033.5 2
1034.5 2
1035.5 5
1036.5 3
1037.5 4
1038.5 3
1039.5 2
1040.5 7
1041.5 3
1042.5 4
1043.5 4
1044.5 3
1045.5 9
1046.5 6
1047.5 7
1048.5 8
1049.5 10
1050.5 15
1051.5 10
1052.5 9
1053.5 20
1054.5 15
1055.5 13
1056.5 22
1057.5 18
1058.5 26
1059.5 25
1060.5 26
1061.5 46
1062.5 38
1063.5 47
1064.5 41
1065.5 67
1066.5 51
1067.5 51
1068.5 52
1069.5 62
1070.5 48
1071.5 43
1072.5 47
1073.5 23
1074.5 20
1075.5 14
1076.5 9
1077.5 4
1078.5 5
1079.5 3
1080.5 2
1081.5 1
1082.5 1
1083.5 2
1084.5 1
1085.5 2
1086.5 3
1087.5 2
1088.5 4
1089.5 1
1091.5 1
1095.5 1
1099.5 4
1100.5 1
1102.5 1
1103.5 1
1109.5 1
1112.5 1
1114.5 2
1115.5 3
1117.5 1
1120.5 1
1122.5 1
1123.5 1
1124.5 2
1125.5 2
1126.5 1
1127.5 2
1128.5 1
1129.5 1
1130.5 1
1131.5 1
1133.5 2
1134.5 1
1135.5 1
1136.5 2
1137.5 5
1138.5 1
1139.5 3
1140.5 5
1141.5 1
1142.5 3
1143.5 1
1144.5 3
1145.5 2
1146.5 7
1147.5 5
1148.5 6
1149.5 5
1150.5 5
1151.5 2
1152.5 3
1153.5 4
1154.5 2
1155.5 2
1156.5 1
1157.5 3
1158.5 1
1159.5 1
1160.5 1
1162.5 2
1163.5 2
1166.5 3
1167.5 6
1168.5 5
1169.5 3
1170.5 1
1171.5 3
1172.5 1
1174.5 3
1175.5 4
1176.5 4
1177.5 4
1178.5 4
1179.5 3
1180.5 5
1181.5 7
1182.5 7
1183.5 7
1184.5 7
1185.5 8
1186.5 13
1187.5 7
1188.5 16
1189.5 11
1190.5 15
1191.5 10
1192.5 21
1193.5 19
1194.5 11
1195.5 19
1196.5 17
1197.5 19
1198.5 26
1199.5 21
1200.5 20
1201.5 29
1202.5 32
1203.5 36
1204.5 35
1205.5 36
1206.5 43
1207.5 38
1208.5 36
1209.5 46
1210.5 39
1211.5 31
1212.5 32
1213.5 22
1214.5 24
1215.5 18
1216.5 13
1217.5 9
1218.5 15
1219.5 11
1220.5 10
1221.5 16
1222.5 13
1223.5 16
1224.5 12
1225.5 22
1226.5 23
1227.5 17
1228.5 14
1229.5 34
1230.5 28
1231.5 25
1232.5 32
1233.5 41
1234.5 51
1235.5 60
1236.5 49
1237.5 65
1238.5 74
1239.5 83
1240.5 110
1241.5 144
1242.5 131
1243.5 166
1244.5 131
1245.5 169
1246.5 209
1247.5 211
1248.5 201
1249.5 205
1250.5 227
1251.5 198
1252.5 148
1253.5 150
1254.5 121
1255.5 91
1256.5 55
1257.5 52
1258.5 30
1259.5 13
1260.5 12
1261.5 10
1263.5 5
1264.5 1
1265.5 2
1266.5 3
1267.5 2
1268.5 3
1269.5 2
1270.5 1
1271.5 3
1272.5 3
1273.5 5
1274.5 4
1275.5 5
1276.5 1
1277.5 3
1278.5 3
1279.5 5
1280.5 3
1281.5 13
1282.5 4
1283.5 9
1284.5 5
1285.5 4
1286.5 6
1287.5 13
1288.5 7
1289.5 15
1290.5 9
1291.5 15
1292.5 13
1293.5 18
1294.5 10
1295.5 13
1296.5 13
1297.5 9
1298.5 5
1299.5 1
1300.5 6
1301.5 8
1302.5 4
1303.5 13
1304.5 11
1305.5 10
1306.5 13
1307.5 11
1308.5 10
1309.5 13
1310.5 9
1311.5 13
1312.5 7
1313.5 10
1314.5 6
1315.5 5
1316.5 2
1317.5 2
1318.5 4
1319.5 3
1320.5 3
1321.5 3
1323.5 1
1325.5 2
1326.5 2
1327.5 3
1328.5 1
1329.5 2
1330.5 1
1331.5 1
1332.5 1
1333.5 4
1334.5 1
1335.5 1
1336.5 2
1337.5 2
1338.5 4
1339.5 1
1340.5 1
1341.5 3
1342.5 3
1344.5 2
1345.5 2
1347.5 2
1348.5 5
1349.5 4
1350.5 1
1351.5 1
1352.5 2
1353.5 3
1354.5 2
1355.5 1
1356.5 3
1357.5 4
1358.5 3
1359.5 5
1360.5 1
1361.5 3
1362.5 2
1363.5 2
1364.5 4
1365.5 2
1366.5 1
1367.5 1
1368.5 2
1369.5 4
1371.5 3
1372.5 3
1373.5 3
1374.5 1
1376.5 3
1377.5 1
1378.5 1
1380.5 1
1381.5 4
1382.5 5
1384.5 1
1387.5 2
1388.5 1
1389.5 2
1390.5 3
1391.5 3
1393.5 5
1394.5 4
1395.5 3
1396.5 3
1397.5 2
1398.5 2
1399.5 2
1400.5 2
1402.5 1
1404.5 4
1405.5 2
1406.5 1
1407.5 1
1408.5 2
1409.5 4
1410.5 4
1411.5 2
1412.5 3
1413.5 3
1414.5 3
1415.5 3
1416.5 3
1417.5 4
1418.5 1
1419.5 4
1420.5 2
1422.5 5
1423.5 4
1424.5 5
1425.5 2
1426.5 2
1427.5 6
1428.5 4
1429.5 3
1430.5 3
1431.5 7
1432.5 3
1433.5 4
1434.5 5
1435.5 2
1436.5 1
1437.5 4
1438.5 3
1439.5 1
1440.5 7
1441.5 4
1442.5 5
1443.5 8
1444.5 2
1445.5 3
1446.5 1
1447.5 6
1448.5 5
1449.5 5
1450.5 6
1451.5 7
1452.5 8
1453.5 3
1454.5 8
1455.5 8
1456.5 7
1457.5 7
1458.5 6
1459.5 10
1460.5 5
1461.5 5
1462.5 10
1463.5 14
1464.5 9
1465.5 12
1466.5 22
1467.5 26
1468.5 21
1469.5 17
1470.5 16
1471.5 23
1472.5 36
1473.5 35
1474.5 49
1475.5 67
1476.5 47
1477.5 60
1478.5 76
1479.5 60
1480.5 81
1481.5 79
1482.5 85
1483.5 86
1484.5 78
1485.5 70
1486.5 57
1487.5 67
1488.5 56
1489.5 38
1490.5 29
1491.5 34
1492.5 17
1493.5 15
1494.5 10
1495.5 9
1496.5 12
1497.5 9
1498.5 8
1499.5 8
1500.5 6
1501.5 17
1502.5 15
1503.5 5
1504.5 12
1505.5 13
1506.5 21
1507.5 26
1508.5 22
1509.5 36
1510.5 30
1511.5 34
1512.5 38
1513.5 40
1514.5 47
1515.5 64
1516.5 57
1517.5 56
1518.5 82
1519.5 80
1520.5 110
1521.5 113
1522.5 101
1523.5 95
1524.5 86
1525.5 106
1526.5 93
1527.5 83
1528.5 67
1529.5 59
1530.5 43
1531.5 22
1532.5 23
1533.5 14
1534.5 11
1535.5 8
1536.5 7
1537.5 1
1538.5 1
1539.5 4
1540.5 2
1541.5 1
1542.5 7
1544.5 1
1545.5 3
1547.5 2
1548.5 1
1549.5 4
1550.5 3
1551.5 3
1552.5 3
1553.5 4
1554.5 3
1555.5 4
1556.5 8
1557.5 6
1558.5 3
1559.5 4
1560.5 5
1561.5 6
1562.5 3
1563.5 4
1564.5 5
1565.5 3
1566.5 2
1567.5 6
1568.5 3
1569.5 3
1570.5 2
1571.5 5
1572.5 8
1573.5 2
1574.5 7
1575.5 4
1576.5 4
1577.5 2
1578.5 1
1579.5 3
1580.5 3
1581.5 7
1582.5 10
1583.5 4
1584.5 9
1585.5 9
1586.5 13
1587.5 12
1588.5 13
1589.5 14
1590.5 7
1591.5 16
1592.5 7
1593.5 18
1594.5 19
1595.5 25
1596.5 15
1597.5 17
1598.5 20
1599.5 18
1600.5 27
1601.5 31
1602.5 37
1603.5 31
1604.5 41
1605.5 44
1606.5 59
1607.5 71
1608.5 79
1609.5 70
1610.5 98
1611.5 120
1612.5 155
1613.5 135
1614.5 147
1615.5 155
1616.5 128
1617.5 163
1618.5 176
1619.5 114
1620.5 121
1621.5 100
1622.5 89
1623.5 73
1624.5 60
1625.5 51
1626.5 39
1627.5 45
1628.5 32
1629.5 38
1630.5 33
1631.5 41
1632.5 48
1633.5 38
1634.5 49
1635.5 56
1636.5 60
1637.5 72
1638.5 99
1639.5 110
1640.5 121
1641.5 111
1642.5 128
1643.5 122
1644.5 133
1645.5 107
1646.5 125
1647.5 120
1648.5 110
1649.5 90
1650.5 92
1651.5 61
1652.5 51
1653.5 30
1654.5 24
1655.5 21
1656.5 11
1657.5 7
1658.5 6
1659.5 3
1660.5 6
1661.5 2
1662.5 8
1663.5 3
1664.5 3
1665.5 8
1666.5 2
1667.5 8
1668.5 5
1669.5 7
1670.5 8
1671.5 6
1672.5 10
1673.5 2
1674.5 7
1675.5 2
1676.5 2
1677.5 1
1678.5 2
1681.5 2
1682.5 2
1683.5 2
1684.5 1
1685.5 1
1686.5 1
1687.5 3
1689.5 1
1691.5 1
1692.5 1
1693.5 1
1697.5 1
1699.5 1
1700.5 2
1702.5 1
1703.5 1
1705.5 2
1707.5 2
1708.5 1
1710.5 1
1711.5 4
1712.5 2
1713.5 4
1714.5 2
1715.5 1
1716.5 4
1717.5 2
1718.5 2
1719.5 1
1720.5 1
1721.5 2
1722.5 1
1724.5 3
1726.5 2
1729.5 1
1735.5 1
1737.5 1
1738.5 2
1741.5 1
1743.5 1
1744.5 2
1746.5 2
1747.5 1
1749.5 1
1757.5 1
1758.5 1
1760.5 1
1761.5 1
1762.5 2
1763.5 1
1764.5 1
1765.5 2
1769.5 2
1770.5 1
1771.5 1
1772.5 2
1774.5 1
1776.5 1
1777.5 3
1778.5 2
1779.5 5
1780.5 3
1781.5 1
1782.5 1
1783.5 3
1784.5 2
1785.5 1
1786.5 2
1787.5 3
1788.5 3
1789.5 4
1790.5 3
1791.5 5
1792.5 5
1793.5 9
1794.5 6
1795.5 11
1796.5 9
1797.5 7
1798.5 6
1799.5 7
1800.5 4
1801.5 4
1802.5 6
1803.5 3
1804.5 3
1805.5 4
1806.5 6
1807.5 4
1808.5 2
1809.5 1
1810.5 1
1811.5 3
1814.5 4
1815.5 2
1816.5 1
1818.5 2
1819.5 1
1820.5 2
1821.5 2
1822.5 1
1825.5 1
1826.5 3
1827.5 1
1830.5 4
1831.5 1
1833.5 1
1834.5 1
1835.5 1
1836.5 1
1837.5 2
1838.5 4
1839.5 2
1840.5 3
1841.5 5
1843.5 3
1844.5 3
1845.5 7
1846.5 4
1847.5 6
1848.5 8
1849.5 1
1850.5 4
1851.5 5
1852.5 6
1853.5 8
1854.5 16
1855.5 7
1856.5 8
1857.5 9
1858.5 14
1859.5 16
1860.5 14
1861.5 8
1862.5 25
1863.5 19
1864.5 21
1865.5 24
1866.5 33
1867.5 46
1868.5 44
1869.5 48
1870.5 53
1871.5 50
1872.5 52
1873.5 69
1874.5 73
1875.5 70
1876.5 70
1877.5 76
1878.5 81
1879.5 65
1880.5 62
1881.5 47
1882.5 36
1883.5 36
1884.5 33
1885.5 18
1886.5 12
1887.5 22
1888.5 20
1889.5 18
1890.5 9
1891.5 14
1892.5 11
1893.5 8
1894.5 9
1895.5 6
1896.5 8
1897.5 8
1898.5 13
1899.5 9
1900.5 9
1901.5 5
1902.5 4
1903.5 4
1904.5 4
1905.5 2
1906.5 3
1907.5 4
1908.5 4
1909.5 3
1910.5 2
1911.5 2
1912.5 2
1913.5 1
1916.5 4
1917.5 3
1918.5 3
1919.5 3
1920.5 4
1921.5 2
1923.5 6
1924.5 2
1925.5 1
1926.5 2
1927.5 5
1928.5 1
1929.5 3
1930.5 3
1931.5 3
1932.5 3
1933.5 4
1934.5 6
1935.5 1
1936.5 2
1937.5 4
1938.5 3
1939.5 4
1940.5 6
1941.5 6
1942.5 5
1943.5 5
1944.5 4
1945.5 2
1946.5 6
1947.5 4
1948.5 2
1949.5 3
1950.5 2
1951.5 6
1952.5 3
1953.5 2
1954.5 4
1955.5 2
1956.5 2
1957.5 3
1958.5 2
1959.5 2
1960.5 3
1961.5 2
1962.5 2
1963.5 2
1964.5 3
1965.5 3
1966.5 5
1967.5 5
1968.5 7
1969.5 1
1970.5 2
1971.5 2
1972.5 5
1973.5 4
1974.5 4
1975.5 7
1976.5 5
1977.5 5
1978.5 3
1979.5 4
1980.5 2
1981.5 3
1982.5 6
1983.5 7
1984.5 3
1985.5 5
1986.5 3
1987.5 4
1988.5 5
1989.5 3
1990.5 1
1991.5 1
1992.5 3
1993.5 5
1994.5 8
1995.5 9
1996.5 3
1997.5 5
1999.5 4
2000.5 3
2001.5 5
2002.5 1
2003.5 3
2005.5 5
2006.5 4
2007.5 2
2008.5 2
2009.5 2
2010.5 3
2011.5 1
2012.5 3
2013.5 1
2014.5 1
2015.5 1
2016.5 2
2017.5 2
2018.5 1
2019.5 1
2020.5 1
2023.5 1
2024.5 2
2026.5 1
2028.5 2
2029.5 1
2030.5 2
2032.5 1
2033.5 1
2034.5 2
2035.5 4
2036.5 2
2037.5 2
2038.5 1
2039.5 1
2041.5 1
2043.5 2
2045.5 2
2047.5 5
2048.5 2
2049.5 4
2050.5 1
2051.5 2
2052.5 2
2053.5 2
2054.5 4
2055.5 2
2056.5 3
2057.5 3
2058.5 1
2059.5 4
2060.5 3
2061.5 2
2062.5 1
2063.5 1
2064.5 3
2065.5 1
2066.5 2
2067.5 3
2069.5 4
2070.5 1
2071.5 2
2072.5 2
2073.5 6
2074.5 6
2075.5 4
2076.5 3
2077.5 2
2078.5 2
2080.5 6
2081.5 2
2082.5 2
2083.5 3
2084.5 1
2085.5 4
2086.5 5
2087.5 8
2088.5 7
2089.5 3
2090.5 8
2091.5 3
2092.5 5
2093.5 5
2094.5 6
2095.5 6
2096.5 7
2097.5 4
2098.5 8
2099.5 5
2100.5 5
2101.5 7
2102.5 5
2103.5 7
2104.5 7
2105.5 5
2106.5 12
2107.5 10
2108.5 11
2109.5 6
2110.5 11
2111.5 10
2112.5 13
2113.5 12
2114.5 6
2115.5 15
2116.5 14
2117.5 20
2118.5 20
2119.5 16
2120.5 13
2121.5 20
2122.5 18
2123.5 19
2124.5 18
2125.5 21
2126.5 20
2127.5 18
2128.5 39
2129.5 37
2130.5 30
2131.5 45
2132.5 65
2133.5 80
2134.5 84
2135.5 94
2136.5 66
2137.5 76
2138.5 90
2139.5 89
2140.5 96
2141.5 104
2142.5 97
2143.5 93
2144.5 101
2145.5 109
2146.5 122
2147.5 110
2148.5 127
2149.5 149
2150.5 175
2151.5 185
2152.5 207
2153.5 254
2154.5 282
2155.5 270
2156.5 322
2157.5 352
2158.5 438
2159.5 461
2160.5 495
2161.5 576
2162.5 699
2163.5 737
2164.5 823
2165.5 862
2166.5 801
2167.5 716
2168.5 575
2169.5 440
2170.5 317
2171.5 218
2172.5 169
2173.5 119
2174.5 78
2175.5 40
2176.5 33
2177.5 21
2178.5 21
2179.5 13
2180.5 8
2181.5 5
2182.5 3
2183.5 3
2184.5 3
2185.5 7
2186.5 7
2187.5 3
2188.5 5
2189.5 6
2190.5 3
2191.5 8
2192.5 10
2193.5 8
2194.5 7
2195.5 6
2196.5 3
2197.5 4
2198.5 5
2199.5 5
2200.5 6
2201.5 6
2202.5 8
2203.5 4
2204.5 2
2205.5 7
2206.5 10
2207.5 9
2208.5 6
2209.5 9
2210.5 6
2211.5 18
2212.5 8
2213.5 9
2214.5 8
2215.5 5
2216.5 12
2217.5 11
2218.5 11
2219.5 7
2220.5 9
2221.5 2
2222.5 3
2224.5 2
2225.5 3
2226.5 1
2227.5 1
2228.5 2
2229.5 1
2233.5 1
2234.5 1
2236.5 1
2238.5 1
2241.5 1
2242.5 2
2243.5 1
2245.5 1
2249.5 2
2252.5 1
2254.5 1
2256.5 1
2257.5 1
2258.5 1
2259.5 2
2260.5 2
2262.5 2
2265.5 1
2267.5 2
2269.5 1
2270.5 2
2271.5 2
2273.5 1
2274.5 2
2278.5 1
2283.5 1
2284.5 3
2285.5 1
2286.5 1
2288.5 2
2289.5 2
2290.5 2
2291.5 1
2292.5 1
2293.5 1
2295.5 1
2299.5 1
2300.5 1
2301.5 2
2303.5 4
2304.5 1
2305.5 4
2306.5 3
2307.5 2
2308.5 1
2309.5 1
2310.5 4
2311.5 1
2312.5 2
2313.5 3
2314.5 1
2315.5 5
2317.5 1
2318.5 3
2319.5 1
2320.5 4
2321.5 3
2322.5 2
2323.5 1
2324.5 4
2325.5 2
2326.5 2
2327.5 2
2328.5 2
2329.5 6
2330.5 4
2331.5 4
2332.5 1
2333.5 4
2334.5 3
2335.5 3
2336.5 5
2337.5 4
2338.5 9
2340.5 2
2341.5 5
2342.5 6
2343.5 3
2344.5 2
2345.5 10
2346.5 5
2347.5 9
2348.5 5
2349.5 13
2350.5 5
2351.5 6
2352.5 3
2353.5 9
2354.5 10
2355.5 11
2356.5 5
2357.5 15
2358.5 10
2359.5 15
2360.5 8
2361.5 16
2362.5 14
2363.5 13
2364.5 13
2365.5 13
2366.5 15
2367.5 24
2368.5 17
2369.5 18
2370.5 22
2371.5 16
2372.5 14
2373.5 20
2374.5 20
2375.5 18
2376.5 21
2377.5 15
2378.5 13
2379.5 21
2380.5 28
2381.5 14
2382.5 27
2383.5 28
2384.5 35
2385.5 30
2386.5 47
2387.5 46
2388.5 47
2389.5 52
2390.5 48
2391.5 65
2392.5 52
2393.5 71
2394.5 80
2395.5 90
2396.5 70
2397.5 103
2398.5 119
2399.5 121
2400.5 118
2401.5 161
2402.5 164
2403.5 195
2404.5 174
2405.5 217
2406.5 247
2407.5 263
2408.5 300
2409.5 362
2410.5 376
2411.5 431
2412.5 500
2413.5 613
2414.5 673
2415.5 701
2416.5 781
2417.5 797
2418.5 825
2419.5 868
2420.5 838
2421.5 842
2422.5 804
2423.5 697
2424.5 532
2425.5 481
2426.5 448
2427.5 364
2428.5 299
2429.5 204
2430.5 164
2431.5 94
2432.5 71
2433.5 42
2434.5 33
2435.5 18
2436.5 16
2437.5 10
2438.5 1
2439.5 3
2440.5 3
2441.5 1
2442.5 1
2443.5 1
2444.5 1
2445.5 1
2446.5 1
2450.5 2
2453.5 1
2454.5 1
2456.5 1
2458.5 1
2460.5 1
2461.5 1
2463.5 2
2465.5 1
2467.5 2
2469.5 1
2472.5 1
2477.5 2
2479.5 1
2480.5 1
2481.5 1
2484.5 2
2486.5 1
2487.5 2
2488.5 1
2489.5 1
2490.5 2
2492.5 2
2493.5 2
2495.5 1
2497.5 1
2498.5 1
2501.5 3
2502.5 3
2503.5 1
2504.5 1
2505.5 2
2508.5 1
2509.5 2
2511.5 1
2512.5 1
2513.5 4
2514.5 2
2515.5 1
2516.5 9
2523.5 1
