0.5 589
16.5 1
17.5 2
18.5 6
19.5 2
20.5 3
21.5 2
22.5 5
23.5 8
24.5 8
25.5 9
26.5 6
27.5 6
28.5 9
29.5 3
30.5 11
31.5 13
32.5 4
33.5 15
34.5 16
35.5 17
36.5 11
37.5 20
38.5 18
39.5 22
40.5 27
41.5 26
42.5 36
43.5 28
44.5 44
45.5 51
46.5 46
47.5 52
48.5 55
49.5 55
50.5 50
51.5 36
52.5 50
53.5 51
54.5 61
55.5 51
56.5 59
57.5 52
58.5 57
59.5 58
60.5 54
61.5 43
62.5 45
63.5 40
64.5 25
65.5 30
66.5 19
67.5 11
68.5 6
69.5 14
70.5 7
71.5 2
72.5 5
73.5 2
74.5 4
75.5 5
76.5 3
77.5 2
79.5 4
80.5 4
81.5 2
82.5 1
83.5 1
85.5 1
86.5 6
87.5 4
88.5 3
89.5 1
90.5 1
91.5 2
92.5 4
93.5 3
94.5 4
95.5 1
96.5 1
98.5 3
99.5 2
101.5 1
103.5 2
104.5 1
105.5 2
107.5 4
109.5 1
110.5 4
111.5 1
112.5 1
113.5 3
114.5 2
116.5 3
117.5 3
118.5 2
120.5 2
122.5 2
123.5 2
124.5 3
125.5 4
126.5 1
127.5 1
128.5 2
129.5 1
131.5 2
133.5 2
134.5 2
135.5 3
136.5 3
137.5 3
138.5 4
140.5 2
141.5 1
142.5 1
143.5 4
144.5 1
145.5 2
146.5 7
147.5 5
148.5 2
149.5 6
150.5 2
151.5 3
152.5 1
153.5 1
154.5 2
156.5 1
158.5 1
159.5 1
162.5 2
163.5 2
164.5 3
165.5 1
166.5 2
167.5 1
168.5 1
169.5 2
170.5 3
171.5 4
172.5 2
173.5 2
174.5 1
176.5 4
177.5 1
178.5 1
179.5 2
180.5 3
181.5 3
182.5 2
183.5 1
184.5 2
185.5 1
186.5 2
187.5 4
188.5 1
189.5 2
190.5 3
191.5 4
192.5 3
193.5 1
194.5 4
195.5 5
196.5 3
197.5 3
198.5 2
199.5 3
200.5 4
201.5 2
202.5 2
203.5 5
204.5 7
205.5 8
206.5 14
207.5 4
208.5 8
209.5 5
210.5 17
211.5 11
212.5 15
213.5 14
214.5 22
215.5 27
216.5 29
217.5 24
218.5 34
219.5 30
220.5 36
221.5 24
222.5 43
223.5 35
224.5 52
225.5 35
226.5 36
227.5 43
228.5 36
229.5 20
230.5 19
231.5 15
232.5 16
233.5 7
234.5 11
235.5 13
236.5 14
237.5 11
238.5 7
239.5 5
240.5 14
241.5 11
242.5 14
243.5 9
244.5 12
245.5 9
246.5 6
247.5 10
248.5 7
249.5 5
250.5 7
251.5 5
252.5 2
253.5 5
254.5 4
255.5 4
256.5 3
257.5 5
258.5 6
259.5 4
260.5 2
261.5 5
262.5 4
263.5 4
264.5 2
265.5 4
266.5 5
267.5 2
268.5 9
269.5 3
270.5 6
271.5 4
272.5 7
273.5 10
274.5 9
275.5 6
276.5 7
277.5 8
278.5 7
279.5 9
280.5 6
281.5 7
282.5 12
283.5 8
284.5 4
285.5 11
286.5 10
287.5 5
288.5 5
289.5 5
290.5 5
291.5 4
292.5 3
293.5 7
294.5 6
295.5 3
296.5 3
297.5 10
298.5 2
299.5 5
300.5 3
301.5 10
302.5 4
303.5 7
304.5 5
305.5 3
306.5 3
307.5 6
308.5 5
309.5 9
310.5 2
311.5 6
312.5 9
313.5 7
314.5 8
315.5 8
316.5 7
317.5 8
318.5 17
319.5 13
320.5 16
321.5 16
322.5 26
323.5 17
324.5 35
325.5 40
326.5 52
327.5 45
328.5 60
329.5 47
330.5 55
331.5 34
332.5 35
333.5 40
334.5 25
335.5 27
336.5 24
337.5 20
338.5 17
339.5 8
340.5 9
341.5 10
342.5 7
343.5 4
344.5 5
345.5 7
346.5 7
347.5 5
348.5 9
349.5 6
350.5 9
351.5 15
352.5 14
353.5 20
354.5 19
355.5 24
356.5 29
357.5 20
358.5 34
359.5 29
360.5 32
361.5 26
362.5 26
363.5 20
364.5 29
365.5 27
366.5 12
367.5 12
368.5 13
369.5 8
370.5 4
371.5 10
372.5 5
373.5 10
374.5 9
375.5 8
376.5 7
377.5 9
378.5 8
379.5 7
380.5 9
381.5 8
382.5 7
383.5 12
384.5 8
385.5 8
386.5 9
387.5 5
388.5 3
389.5 9
390.5 3
391.5 3
392.5 7
393.5 4
394.5 5
395.5 5
396.5 6
397.5 11
398.5 2
399.5 3
400.5 12
401.5 9
402.5 7
403.5 8
404.5 8
405.5 17
406.5 13
407.5 24
408.5 21
409.5 25
410.5 24
411.5 29
412.5 29
413.5 26
414.5 35
415.5 23
416.5 30
417.5 12
418.5 21
419.5 19
420.5 3
421.5 4
422.5 3
423.5 5
424.5 4
425.5 1
426.5 1
428.5 2
430.5 2
432.5 1
435.5 2
437.5 2
438.5 1
439.5 1
441.5 2
442.5 1
443.5 1
444.5 1
446.5 2
447.5 3
448.5 1
449.5 1
451.5 2
452.5 2
453.5 2
455.5 2
456.5 1
457.5 3
459.5 2
461.5 2
462.5 2
463.5 1
464.5 2
465.5 1
466.5 1
467.5 3
469.5 4
470.5 1
471.5 2
473.5 1
474.5 2
475.5 1
476.5 1
480.5 1
481.5 2
483.5 2
486.5 4
487.5 3
488.5 1
489.5 1
492.5 1
493.5 2
494.5 2
495.5 1
496.5 3
497.5 1
498.5 2
502.5 1
504.5 1
506.5 1
508.5 2
509.5 2
510.5 1
512.5 2
513.5 1
514.5 2
515.5 6
516.5 3
517.5 2
519.5 1
521.5 2
522.5 3
523.5 4
524.5 6
525.5 2
526.5 1
527.5 2
528.5 8
529.5 9
530.5 4
531.5 3
532.5 8
533.5 3
534.5 8
535.5 8
536.5 19
537.5 13
538.5 6
539.5 2
540.5 3
541.5 10
542.5 9
543.5 8
544.5 8
545.5 4
546.5 4
547.5 4
548.5 5
549.5 5
550.5 1
551.5 2
552.5 2
553.5 6
554.5 1
555.5 4
556.5 3
557.5 2
559.5 1
560.5 4
561.5 1
562.5 6
563.5 5
564.5 1
565.5 2
566.5 1
567.5 2
568.5 2
569.5 4
570.5 4
571.5 3
572.5 6
573.5 4
574.5 4
575.5 10
576.5 8
577.5 4
578.5 8
579.5 9
580.5 9
581.5 12
582.5 9
583.5 6
584.5 7
585.5 12
586.5 8
587.5 4
588.5 2
589.5 3
590.5 3
591.5 2
592.5 4
593.5 2
594.5 5
595.5 5
596.5 4
597.5 4
598.5 12
599.5 5
600.5 4
601.5 6
602.5 9
603.5 7
604.5 12
605.5 18
606.5 14
607.5 18
608.5 21
609.5 23
610.5 24
611.5 37
612.5 26
613.5 25
614.5 23
615.5 32
616.5 22
617.5 29
618.5 12
619.5 23
620.5 12
621.5 17
622.5 11
623.5 10
624.5 13
625.5 11
626.5 14
627.5 12
628.5 17
629.5 11
630.5 10
631.5 11
632.5 13
633.5 7
634.5 4
635.5 8
636.5 2
637.5 8
638.5 1
639.5 1
640.5 7
641.5 3
642.5 2
643.5 6
644.5 5
645.5 4
646.5 1
647.5 2
649.5 2
650.5 2
651.5 2
653.5 3
654.5 3
656.5 1
657.5 1
659.5 2
660.5 1
662.5 2
663.5 1
666.5 1
667.5 1
668.5 1
670.5 1
672.5 1
673.5 2
674.5 2
675.5 2
676.5 1
681.5 1
682.5 2
683.5 1
684.5 1
686.5 1
688.5 1
689.5 1
690.5 3
691.5 3
694.5 2
695.5 1
697.5 3
699.5 2
700.5 1
701.5 2
704.5 1
705.5 1
707.5 3
709.5 3
710.5 2
711.5 2
712.5 4
713.5 3
714.5 2
715.5 3
716.5 3
717.5 3
718.5 3
719.5 7
721.5 7
722.5 3
723.5 2
724.5 1
725.5 5
726.5 3
728.5 1
729.5 4
730.5 3
731.5 2
732.5 4
733.5 5
734.5 3
735.5 5
736.5 6
737.5 6
738.5 7
739.5 5
740.5 10
741.5 9
742.5 9
743.5 7
744.5 4
745.5 2
746.5 6
747.5 2
748.5 3
749.5 4
750.5 2
751.5 2
752.5 1
754.5 3
755.5 3
758.5 1
759.5 1
760.5 1
761.5 1
762.5 1
764.5 2
766.5 1
767.5 1
768.5 1
769.5 1
770.5 2
771.5 3
772.5 1
773.5 1
774.5 2
775.5 1
776.5 4
777.5 2
778.5 1
779.5 2
780.5 3
782.5 2
783.5 1
784.5 1
785.5 2
786.5 2
788.5 1
789.5 1
790.5 1
791.5 1
795.5 1
796.5 1
798.5 1
799.5 1
800.5 1
802.5 1
803.5 1
807.5 1
808.5 4
813.5 1
815.5 1
816.5 1
818.5 2
820.5 3
824.5 1
826.5 1
829.5 2
834.5 1
837.5 1
839.5 1
840.5 1
846.5 1
847.5 1
851.5 1
854.5 2
856.5 1
857.5 1
859.5 2
860.5 2
861.5 1
863.5 3
864.5 4
865.5 1
867.5 5
868.5 6
869.5 7
870.5 1
871.5 3
872.5 6
873.5 1
875.5 1
876.5 4
877.5 1
878.5 2
879.5 2
883.5 1
888.5 3
891.5 1
892.5 1
895.5 2
896.5 1
897.5 2
899.5 1
900.5 1
901.5 3
902.5 3
905.5 1
906.5 1
908.5 1
910.5 1
911.5 4
912.5 4
913.5 6
914.5 3
915.5 4
916.5 3
917.5 2
918.5 1
919.5 1
920.5 2
922.5 1
923.5 1
924.5 2
926.5 1
927.5 3
928.5 2
929.5 3
930.5 4
931.5 3
932.5 1
933.5 4
934.5 11
935.5 2
936.5 8
937.5 5
938.5 7
939.5 8
940.5 4
941.5 6
942.5 5
943.5 6
944.5 4
945.5 5
946.5 11
947.5 8
948.5 2
949.5 2
950.5 5
951.5 1
952.5 2
953.5 2
957.5 2
958.5 1
960.5 5
961.5 1
962.5 1
963.5 2
964.5 1
965.5 2
966.5 2
967.5 4
968.5 2
969.5 2
973.5 4
974.5 2
976.5 1
977.5 2
978.5 2
979.5 1
980.5 2
981.5 2
982.5 3
983.5 2
984.5 2
985.5 3
987.5 3
988.5 2
989.5 5
990.5 3
991.5 8
992.5 4
993.5 8
994.5 3
995.5 7
996.5 7
997.5 12
998.5 9
999.5 15
1000.5 17
1001.5 16
1002.5 26
1003.5 21
1004.5 21
1005.5 25
1006.5 35
1007.5 21
1008.5 36
1009.5 35
1010.5 43
1011.5 31
1012.5 21
1013.5 20
1014.5 22
1015.5 20
1016.5 8
1018.5 12
1019.5 3
1020.5 3
1021.5 2
1022.5 1
1023.5 5
1024.5 2
1026.5 2
1029.5 2
1030.5 2
1031.5 4
1033.5 1
1034.5 4
1036.5 1
1037.5 1
1038.5 1
1039.5 3
1040.5 1
1041.5 2
1042.5 2
1043.5 3
1044.5 6
1045.5 3
1046.5 3
1047.5 3
1048.5 4
1049.5 2
1050.5 1
1051.5 5
1052.5 2
1053.5 7
1054.5 6
1055.5 11
1056.5 7
1057.5 5
1058.5 12
1059.5 12
1060.5 8
1061.5 15
1062.5 12
1063.5 18
1064.5 17
1065.5 17
1066.5 16
1067.5 32
1068.5 19
1069.5 39
1070.5 26
1071.5 41
1072.5 40
1073.5 36
1074.5 43
1075.5 37
1076.5 25
1077.5 26
1078.5 19
1079.5 12
1080.5 13
1081.5 8
1082.5 8
1083.5 5
1084.5 9
1085.5 2
1086.5 3
1088.5 2
1089.5 2
1090.5 2
1091.5 2
1092.5 3
1093.5 2
1094.5 2
1095.5 1
1096.5 3
1097.5 1
1099.5 3
1101.5 2
1103.5 3
1105.5 3
1106.5 1
1107.5 2
1108.5 1
1109.5 2
1110.5 1
1111.5 2
1112.5 1
1113.5 2
1114.5 1
1115.5 1
1116.5 4
1117.5 1
1118.5 1
1120.5 1
1121.5 1
1122.5 1
1123.5 2
1124.5 3
1126.5 1
1127.5 3
1128.5 2
1129.5 2
1130.5 2
1132.5 1
1134.5 2
1135.5 2
1136.5 1
1138.5 3
1140.5 1
1142.5 3
1144.5 3
1145.5 1
1146.5 3
1148.5 2
1149.5 4
1150.5 3
1151.5 5
1152.5 6
1154.5 3
1155.5 4
1156.5 2
1157.5 3
1158.5 4
1159.5 1
1160.5 1
1162.5 1
1164.5 2
1168.5 4
1171.5 3
1172.5 1
1173.5 1
1175.5 3
1176.5 3
1177.5 1
1179.5 3
1180.5 2
1181.5 2
1182.5 2
1183.5 2
1184.5 5
1185.5 4
1186.5 7
1187.5 5
1188.5 9
1189.5 6
1190.5 7
1191.5 8
1192.5 5
1193.5 5
1194.5 5
1195.5 12
1196.5 7
1197.5 10
1198.5 8
1199.5 7
1200.5 11
1201.5 14
1202.5 10
1203.5 6
1204.5 11
1205.5 11
1206.5 24
1207.5 17
1208.5 34
1209.5 22
1210.5 26
1211.5 19
1212.5 38
1213.5 25
1214.5 31
1215.5 34
1216.5 24
1217.5 15
1218.5 29
1219.5 8
1220.5 16
1221.5 21
1222.5 12
1223.5 6
1224.5 10
1225.5 8
1226.5 12
1227.5 19
1228.5 17
1229.5 8
1230.5 19
1231.5 21
1232.5 14
1233.5 19
1234.5 12
1235.5 30
1236.5 20
1237.5 26
1238.5 34
1239.5 29
1240.5 35
1241.5 41
1242.5 41
1243.5 64
1244.5 59
1245.5 49
1246.5 75
1247.5 100
1248.5 111
1249.5 109
1250.5 135
1251.5 142
1252.5 165
1253.5 162
1254.5 185
1255.5 187
1256.5 156
1257.5 144
1258.5 117
1259.5 121
1260.5 98
1261.5 56
1262.5 36
1263.5 29
1264.5 13
1265.5 17
1266.5 7
1267.5 8
1268.5 5
1269.5 4
1270.5 2
1271.5 2
1272.5 5
1273.5 1
1274.5 1
1275.5 1
1276.5 1
1278.5 3
1279.5 5
1280.5 3
1281.5 3
1282.5 7
1283.5 3
1284.5 1
1285.5 5
1286.5 4
1287.5 6
1288.5 14
1289.5 7
1290.5 11
1291.5 9
1292.5 10
1293.5 14
1294.5 6
1295.5 12
1296.5 10
1297.5 9
1298.5 8
1299.5 8
1300.5 11
1301.5 10
1302.5 3
1303.5 6
1304.5 5
1305.5 7
1306.5 7
1307.5 7
1308.5 6
1309.5 6
1310.5 13
1311.5 11
1312.5 16
1313.5 13
1314.5 12
1315.5 15
1316.5 12
1317.5 7
1318.5 10
1319.5 4
1320.5 11
1321.5 10
1322.5 7
1323.5 1
1324.5 4
1325.5 1
1326.5 2
1327.5 1
1328.5 2
1329.5 2
1330.5 3
1331.5 1
1332.5 5
1333.5 4
1334.5 1
1335.5 3
1336.5 1
1337.5 2
1339.5 1
1340.5 2
1341.5 1
1342.5 1
1343.5 1
1345.5 3
1346.5 1
1347.5 2
1348.5 4
1349.5 4
1350.5 4
1351.5 4
1352.5 1
1354.5 1
1355.5 1
1357.5 2
1359.5 1
1360.5 3
1361.5 2
1362.5 2
1363.5 1
1366.5 2
1367.5 1
1368.5 2
1369.5 2
1370.5 2
1375.5 2
1376.5 1
1377.5 1
1378.5 1
1384.5 1
1387.5 1
1392.5 1
1393.5 1
1394.5 2
1395.5 1
1396.5 1
1397.5 1
1399.5 4
1400.5 1
1401.5 2
1402.5 2
1405.5 1
1407.5 2
1408.5 1
1409.5 2
1411.5 1
1413.5 1
1414.5 1
1416.5 1
1417.5 1
1418.5 2
1419.5 1
1421.5 2
1422.5 1
1423.5 3
1424.5 2
1425.5 1
1426.5 1
1427.5 1
1428.5 1
1429.5 1
1430.5 3
1431.5 1
1432.5 1
1433.5 1
1434.5 3
1435.5 1
1436.5 3
1437.5 2
1438.5 2
1440.5 2
1443.5 2
1445.5 3
1446.5 2
1447.5 5
1448.5 7
1449.5 2
1450.5 5
1451.5 3
1452.5 3
1453.5 1
1454.5 2
1455.5 6
1456.5 5
1457.5 3
1458.5 1
1459.5 4
1460.5 6
1461.5 8
1462.5 1
1463.5 4
1464.5 8
1465.5 6
1466.5 3
1467.5 9
1468.5 3
1469.5 9
1470.5 6
1471.5 5
1472.5 12
1473.5 10
1474.5 13
1475.5 14
1476.5 12
1477.5 26
1478.5 20
1479.5 31
1480.5 26
1481.5 30
1482.5 33
1483.5 38
1484.5 42
1485.5 29
1486.5 66
1487.5 45
1488.5 58
1489.5 61
1490.5 72
1491.5 53
1492.5 54
1493.5 43
1494.5 41
1495.5 21
1496.5 20
1497.5 23
1498.5 16
1499.5 10
1500.5 11
1501.5 7
1502.5 6
1503.5 8
1504.5 6
1505.5 6
1506.5 4
1507.5 11
1508.5 9
1509.5 16
1510.5 12
1511.5 11
1512.5 23
1513.5 23
1514.5 11
1515.5 37
1516.5 24
1517.5 29
1518.5 28
1519.5 53
1520.5 46
1521.5 57
1522.5 59
1523.5 80
1524.5 56
1525.5 85
1526.5 111
1527.5 113
1528.5 116
1529.5 120
1530.5 130
1531.5 95
1532.5 93
1533.5 91
1534.5 65
1535.5 53
1536.5 42
1537.5 38
1538.5 22
1539.5 14
1540.5 13
1541.5 5
1542.5 3
1543.5 5
1544.5 1
1545.5 2
1548.5 1
1550.5 1
1552.5 1
1553.5 3
1555.5 1
1556.5 1
1558.5 1
1559.5 1
1560.5 2
1561.5 1
1562.5 1
1563.5 1
1564.5 1
1567.5 3
1571.5 1
1572.5 2
1573.5 1
1574.5 2
1575.5 1
1576.5 1
1577.5 3
1578.5 1
1579.5 1
1580.5 2
1581.5 4
1583.5 2
1584.5 1
1585.5 1
1586.5 2
1587.5 2
1588.5 3
1589.5 1
1590.5 7
1591.5 4
1592.5 3
1593.5 5
1594.5 2
1595.5 6
1596.5 5
1597.5 5
1598.5 6
1599.5 4
1600.5 10
1601.5 14
1602.5 16
1603.5 10
1604.5 21
1605.5 12
1606.5 20
1607.5 20
1608.5 19
1609.5 20
1610.5 26
1611.5 43
1612.5 37
1613.5 51
1614.5 58
1615.5 45
1616.5 68
1617.5 61
1618.5 88
1619.5 90
1620.5 84
1621.5 91
1622.5 90
1623.5 97
1624.5 94
1625.5 81
1626.5 94
1627.5 82
1628.5 68
1629.5 53
1630.5 47
1631.5 36
1632.5 38
1633.5 22
1634.5 18
1635.5 26
1636.5 25
1637.5 15
1638.5 22
1639.5 20
1640.5 25
1641.5 24
1642.5 31
1643.5 35
1644.5 35
1645.5 41
1646.5 60
1647.5 62
1648.5 72
1649.5 64
1650.5 78
1651.5 63
1652.5 82
1653.5 65
1654.5 51
1655.5 56
1656.5 48
1657.5 34
1658.5 35
1659.5 26
1660.5 22
1661.5 10
1662.5 11
1663.5 7
1664.5 4
1665.5 6
1666.5 6
1667.5 3
1668.5 5
1669.5 5
1670.5 4
1671.5 2
1672.5 3
1673.5 4
1674.5 5
1675.5 3
1676.5 6
1677.5 7
1679.5 3
1680.5 7
1681.5 5
1683.5 1
1685.5 1
1686.5 4
1689.5 1
1691.5 1
1692.5 2
1694.5 2
1701.5 1
1704.5 4
1705.5 2
1708.5 2
1709.5 1
1710.5 1
1715.5 1
1716.5 3
1717.5 1
1718.5 1
1719.5 4
1720.5 4
1721.5 3
1722.5 3
1723.5 1
1724.5 2
1725.5 3
1727.5 2
1728.5 1
1729.5 5
1731.5 1
1734.5 1
1735.5 1
1736.5 1
1738.5 2
1739.5 1
1742.5 1
1743.5 1
1744.5 1
1745.5 1
1746.5 3
1748.5 2
1750.5 2
1751.5 1
1754.5 2
1755.5 3
1756.5 4
1757.5 1
1759.5 1
1760.5 1
1761.5 1
1762.5 3
1764.5 3
1766.5 2
1767.5 1
1768.5 2
1769.5 5
1770.5 3
1771.5 3
1773.5 2
1775.5 3
1776.5 2
1777.5 3
1778.5 2
1779.5 5
1780.5 7
1781.5 1
1782.5 3
1783.5 1
1784.5 1
1785.5 2
1786.5 5
1787.5 1
1788.5 3
1789.5 4
1790.5 4
1791.5 2
1792.5 2
1793.5 6
1794.5 2
1795.5 6
1796.5 10
1797.5 7
1798.5 9
1799.5 6
1800.5 4
1801.5 12
1802.5 9
1803.5 7
1804.5 4
1805.5 8
1806.5 11
1807.5 9
1808.5 11
1809.5 10
1810.5 7
1811.5 4
1812.5 2
1813.5 4
1814.5 4
1815.5 5
1816.5 4
1817.5 4
1819.5 2
1820.5 5
1821.5 1
1822.5 1
1823.5 3
1824.5 2
1825.5 6
1826.5 2
1827.5 2
1828.5 2
1829.5 1
1830.5 2
1831.5 5
1832.5 2
1833.5 3
1834.5 3
1835.5 4
1837.5 2
1838.5 3
1839.5 2
1840.5 5
1841.5 1
1842.5 2
1843.5 5
1844.5 3
1845.5 3
1846.5 4
1847.5 1
1848.5 5
1849.5 10
1850.5 1
1851.5 3
1852.5 5
1853.5 6
1854.5 8
1855.5 8
1856.5 4
1857.5 4
1858.5 9
1859.5 6
1860.5 8
1861.5 4
1862.5 7
1863.5 11
1864.5 9
1865.5 5
1866.5 10
1867.5 19
1868.5 18
1869.5 13
1870.5 21
1871.5 27
1872.5 17
1873.5 10
1874.5 36
1875.5 25
1876.5 40
1877.5 33
1878.5 38
1879.5 36
1880.5 44
1881.5 47
1882.5 57
1883.5 54
1884.5 46
1885.5 52
1886.5 30
1887.5 40
1888.5 28
1889.5 35
1890.5 22
1891.5 17
1892.5 13
1893.5 8
1894.5 10
1895.5 14
1896.5 4
1897.5 12
1898.5 11
1899.5 10
1900.5 11
1901.5 13
1902.5 7
1903.5 9
1904.5 10
1905.5 4
1906.5 3
1907.5 7
1908.5 9
1909.5 4
1910.5 5
1911.5 8
1912.5 4
1913.5 6
1914.5 7
1915.5 3
1916.5 3
1918.5 1
1919.5 3
1920.5 1
1922.5 2
1923.5 1
1924.5 2
1926.5 2
1927.5 1
1928.5 3
1929.5 1
1930.5 1
1931.5 1
1932.5 2
1935.5 1
1940.5 1
1943.5 1
1944.5 2
1945.5 3
1948.5 1
1949.5 1
1950.5 1
1952.5 1
1954.5 1
1955.5 1
1956.5 1
1957.5 2
1958.5 2
1959.5 1
1960.5 1
1961.5 2
1962.5 1
1963.5 2
1964.5 1
1966.5 2
1967.5 4
1969.5 2
1971.5 1
1972.5 1
1973.5 1
1974.5 1
1975.5 1
1976.5 1
1977.5 1
1979.5 3
1980.5 2
1982.5 1
1984.5 2
1985.5 1
1986.5 2
1988.5 2
1990.5 1
1991.5 1
1993.5 1
1994.5 2
1995.5 2
1996.5 1
1997.5 1
1998.5 2
1999.5 2
2000.5 5
2001.5 1
2002.5 1
2003.5 2
2004.5 2
2005.5 3
2007.5 3
2008.5 1
2010.5 1
2011.5 3
2012.5 1
2014.5 1
2016.5 1
2018.5 1
2023.5 1
2024.5 1
2027.5 1
2033.5 2
2034.5 1
2036.5 1
2045.5 2
2047.5 2
2048.5 2
2049.5 2
2050.5 2
2051.5 1
2055.5 1
2056.5 1
2057.5 1
2058.5 1
2060.5 1
2061.5 1
2062.5 1
2063.5 2
2064.5 1
2068.5 2
2069.5 3
2070.5 2
2071.5 3
2072.5 1
2074.5 1
2076.5 1
2077.5 2
2078.5 1
2079.5 3
2080.5 3
2081.5 2
2082.5 3
2083.5 1
2085.5 1
2086.5 1
2087.5 1
2088.5 1
2089.5 1
2090.5 2
2092.5 4
2093.5 3
2094.5 3
2095.5 5
2096.5 2
2097.5 2
2098.5 8
2099.5 2
2100.5 5
2101.5 5
2103.5 1
2104.5 6
2105.5 4
2106.5 5
2107.5 8
2108.5 6
2109.5 9
2110.5 8
2111.5 6
2112.5 2
2113.5 4
2114.5 6
2115.5 3
2116.5 12
2117.5 6
2118.5 12
2119.5 10
2120.5 8
2121.5 14
2122.5 9
2123.5 6
2124.5 10
2125.5 18
2126.5 12
2127.5 9
2128.5 12
2129.5 25
2130.5 16
2131.5 25
2132.5 34
2133.5 41
2134.5 29
2135.5 42
2136.5 31
2137.5 41
2138.5 48
2139.5 44
2140.5 44
2141.5 48
2142.5 43
2143.5 38
2144.5 36
2145.5 46
2146.5 45
2147.5 60
2148.5 66
2149.5 58
2150.5 74
2151.5 71
2152.5 93
2153.5 80
2154.5 111
2155.5 100
2156.5 141
2157.5 133
2158.5 146
2159.5 168
2160.5 218
2161.5 266
2162.5 296
2163.5 356
2164.5 426
2165.5 519
2166.5 548
2167.5 744
2168.5 718
2169.5 739
2170.5 718
2171.5 680
2172.5 616
2173.5 592
2174.5 526
2175.5 459
2176.5 363
2177.5 295
2178.5 270
2179.5 178
2180.5 131
2181.5 90
2182.5 77
2183.5 35
2184.5 30
2185.5 17
2186.5 10
2187.5 11
2188.5 11
2189.5 2
2191.5 6
2192.5 2
2193.5 3
2194.5 4
2195.5 4
2196.5 4
2197.5 2
2198.5 4
2199.5 3
2200.5 3
2201.5 1
2202.5 5
2203.5 5
2204.5 2
2205.5 8
2206.5 5
2207.5 5
2208.5 8
2209.5 3
2210.5 9
2211.5 6
2212.5 4
2213.5 7
2214.5 6
2215.5 4
2216.5 11
2217.5 10
2218.5 12
2219.5 6
2220.5 14
2221.5 10
2222.5 8
2223.5 6
2224.5 10
2225.5 8
2226.5 7
2227.5 8
2228.5 1
2229.5 2
2230.5 2
2231.5 1
2233.5 3
2234.5 2
2235.5 3
2237.5 1
2238.5 1
2239.5 2
2241.5 1
2244.5 2
2247.5 1
2249.5 1
2251.5 3
2253.5 1
2254.5 1
2255.5 2
2256.5 2
2257.5 3
2259.5 2
2263.5 2
2265.5 1
2266.5 1
2267.5 2
2268.5 1
2270.5 3
2271.5 3
2272.5 1
2273.5 1
2275.5 1
2277.5 1
2278.5 1
2279.5 2
2280.5 3
2281.5 1
2282.5 1
2283.5 2
2284.5 3
2287.5 1
2288.5 2
2292.5 1
2293.5 1
2294.5 1
2295.5 1
2297.5 1
2298.5 1
2299.5 1
2300.5 1
2301.5 1
2306.5 1
2307.5 1
2308.5 1
2309.5 1
2311.5 1
2312.5 1
2315.5 1
2316.5 3
2317.5 3
2319.5 2
2321.5 2
2322.5 4
2324.5 1
2325.5 2
2326.5 2
2327.5 2
2328.5 1
2329.5 2
2330.5 2
2331.5 1
2332.5 2
2333.5 2
2334.5 1
2335.5 3
2336.5 1
2337.5 2
2338.5 1
2339.5 2
2340.5 3
2341.5 3
2342.5 1
2343.5 2
2344.5 1
2345.5 1
2346.5 3
2347.5 1
2348.5 2
2349.5 3
2350.5 3
2351.5 3
2352.5 5
2353.5 6
2354.5 5
2355.5 4
2356.5 6
2357.5 2
2358.5 5
2360.5 3
2361.5 8
2362.5 6
2363.5 7
2364.5 7
2365.5 3
2366.5 7
2367.5 11
2368.5 6
2369.5 11
2370.5 8
2371.5 7
2372.5 7
2373.5 7
2374.5 6
2375.5 9
2376.5 2
2377.5 12
2378.5 13
2379.5 10
2380.5 6
2381.5 7
2382.5 4
2383.5 8
2384.5 15
2385.5 8
2386.5 16
2387.5 17
2388.5 19
2389.5 14
2390.5 15
2391.5 17
2392.5 20
2393.5 27
2394.5 19
2395.5 24
2396.5 21
2397.5 31
2398.5 25
2399.5 36
2400.5 29
2401.5 41
2402.5 39
2403.5 44
2404.5 44
2405.5 42
2406.5 50
2407.5 54
2408.5 57
2409.5 80
2410.5 76
2411.5 97
2412.5 99
2413.5 127
2414.5 130
2415.5 128
2416.5 164
2417.5 184
2418.5 230
2419.5 225
2420.5 287
2421.5 302
2422.5 306
2423.5 374
2424.5 352
2425.5 343
2426.5 407
2427.5 458
2428.5 445
2429.5 454
2430.5 414
2431.5 421
2432.5 381
2433.5 347
2434.5 275
2435.5 247
2436.5 185
2437.5 155
2438.5 111
2439.5 80
2440.5 53
2441.5 37
2442.5 21
2443.5 16
2444.5 16
2445.5 3
2446.5 2
2447.5 2
2448.5 3
2450.5 1
2452.5 1
2453.5 1
2455.5 1
2456.5 1
2458.5 1
2459.5 2
2460.5 2
2461.5 1
2464.5 1
2466.5 1
2467.5 1
2468.5 1
2471.5 1
2473.5 1
2474.5 1
2475.5 3
2476.5 1
2477.5 1
2480.5 1
2482.5 1
2483.5 1
2484.5 1
2485.5 1
2487.5 1
2488.5 2
2489.5 1
2490.5 1
2491.5 1
2492.5 2
2494.5 3
2496.5 1
2497.5 2
2498.5 1
2499.5 1
2500.5 1
2501.5 4
2503.5 2
2504.5 3
2505.5 1
2506.5 1
2507.5 1
2508.5 2
2509.5 2
2510.5 1
2512.5 1
2513.5 4
2514.5 2
2515.5 5
2516.5 8
2518.5 2
2537.5 1
