0.5 95
23.5 3
25.5 3
26.5 4
27.5 1
28.5 3
29.5 1
30.5 3
31.5 3
32.5 4
33.5 2
34.5 2
35.5 3
36.5 2
38.5 3
39.5 3
40.5 2
41.5 1
42.5 2
44.5 1
46.5 4
47.5 2
48.5 2
49.5 4
50.5 2
52.5 3
53.5 2
54.5 1
55.5 2
56.5 2
57.5 1
58.5 5
59.5 3
60.5 4
61.5 6
62.5 1
63.5 2
64.5 3
65.5 1
66.5 3
67.5 1
68.5 2
70.5 1
71.5 4
72.5 1
73.5 5
74.5 1
75.5 2
76.5 2
77.5 3
79.5 1
80.5 2
81.5 1
82.5 2
83.5 1
84.5 1
85.5 5
86.5 2
87.5 5
90.5 3
91.5 1
93.5 1
94.5 1
95.5 3
97.5 2
98.5 2
99.5 1
100.5 3
101.5 1
102.5 2
103.5 2
106.5 1
107.5 2
109.5 2
110.5 3
112.5 1
113.5 1
114.5 2
115.5 2
116.5 1
118.5 2
119.5 2
120.5 2
124.5 4
125.5 1
127.5 2
128.5 3
129.5 2
131.5 1
132.5 3
133.5 4
134.5 2
135.5 3
137.5 3
140.5 1
144.5 1
145.5 3
146.5 1
148.5 2
151.5 1
152.5 2
153.5 1
156.5 1
157.5 1
158.5 1
160.5 2
162.5 2
163.5 2
164.5 1
165.5 2
168.5 2
169.5 3
170.5 1
172.5 2
173.5 1
174.5 2
175.5 1
176.5 2
177.5 1
178.5 1
180.5 1
181.5 1
182.5 1
184.5 2
185.5 1
186.5 2
187.5 2
188.5 6
190.5 1
191.5 1
192.5 1
194.5 2
195.5 1
196.5 1
198.5 2
199.5 2
201.5 2
202.5 1
203.5 3
205.5 1
206.5 2
210.5 1
211.5 1
214.5 1
215.5 2
217.5 1
218.5 1
219.5 1
220.5 1
221.5 1
222.5 2
223.5 4
224.5 2
227.5 4
228.5 1
229.5 2
230.5 4
232.5 1
233.5 1
234.5 1
235.5 1
236.5 3
237.5 5
239.5 4
240.5 1
241.5 1
242.5 2
243.5 2
244.5 1
245.5 3
246.5 2
248.5 1
251.5 1
254.5 1
255.5 3
256.5 2
258.5 1
259.5 3
260.5 2
262.5 2
263.5 1
265.5 2
266.5 3
268.5 2
269.5 1
270.5 1
272.5 4
273.5 1
275.5 2
277.5 1
279.5 1
281.5 1
282.5 1
284.5 1
285.5 3
287.5 2
290.5 1
291.5 1
292.5 2
293.5 1
295.5 2
297.5 1
298.5 1
299.5 1
300.5 2
303.5 3
304.5 1
305.5 1
306.5 2
310.5 1
312.5 2
314.5 3
315.5 1
316.5 1
317.5 1
318.5 1
319.5 1
320.5 3
321.5 1
323.5 3
324.5 1
325.5 1
327.5 1
329.5 1
331.5 1
332.5 2
333.5 3
334.5 2
335.5 4
337.5 3
338.5 1
339.5 1
340.5 2
341.5 1
342.5 1
344.5 2
346.5 1
347.5 2
348.5 1
350.5 2
352.5 2
354.5 1
355.5 2
357.5 1
358.5 1
360.5 1
363.5 1
364.5 1
365.5 1
366.5 4
367.5 1
368.5 4
373.5 2
374.5 2
375.5 1
376.5 2
377.5 2
378.5 1
379.5 3
380.5 1
382.5 1
383.5 1
385.5 4
387.5 1
389.5 3
390.5 1
391.5 1
393.5 1
394.5 1
395.5 3
397.5 2
398.5 1
399.5 1
402.5 1
403.5 2
404.5 2
405.5 1
406.5 2
407.5 4
409.5 2
410.5 1
411.5 2
413.5 1
416.5 2
418.5 1
419.5 2
420.5 1
422.5 1
423.5 2
424.5 2
425.5 3
426.5 2
427.5 1
428.5 1
429.5 1
431.5 2
432.5 1
433.5 1
434.5 1
435.5 1
437.5 1
438.5 1
439.5 2
440.5 2
441.5 1
442.5 1
444.5 1
445.5 4
446.5 1
447.5 1
448.5 1
451.5 1
452.5 1
453.5 1
454.5 2
455.5 1
457.5 2
459.5 1
461.5 2
462.5 3
464.5 4
465.5 4
467.5 1
468.5 3
469.5 4
472.5 2
474.5 2
476.5 3
477.5 4
478.5 1
479.5 1
482.5 1
483.5 1
484.5 2
485.5 1
486.5 1
487.5 2
488.5 1
489.5 2
491.5 1
492.5 1
493.5 4
495.5 2
496.5 1
497.5 2
500.5 1
507.5 3
508.5 1
509.5 2
510.5 4
512.5 1
513.5 1
514.5 1
515.5 2
516.5 1
518.5 1
519.5 1
520.5 1
521.5 2
523.5 1
524.5 3
525.5 1
527.5 2
528.5 3
530.5 1
531.5 1
532.5 1
535.5 1
536.5 1
537.5 3
540.5 1
541.5 2
543.5 2
544.5 3
545.5 1
546.5 1
547.5 2
548.5 2
549.5 1
550.5 1
552.5 2
554.5 1
556.5 2
557.5 4
559.5 2
562.5 1
563.5 2
564.5 2
565.5 1
566.5 1
567.5 2
568.5 1
569.5 1
571.5 1
572.5 1
574.5 2
580.5 1
583.5 1
584.5 4
585.5 1
586.5 1
587.5 1
588.5 1
589.5 1
590.5 1
592.5 1
593.5 2
596.5 1
597.5 2
599.5 2
600.5 2
601.5 1
602.5 1
603.5 1
604.5 3
605.5 2
606.5 1
608.5 1
609.5 2
610.5 5
612.5 2
613.5 1
614.5 1
615.5 1
616.5 3
617.5 2
618.5 1
619.5 2
620.5 1
621.5 1
622.5 1
623.5 2
624.5 1
626.5 1
628.5 1
629.5 1
631.5 1
632.5 1
633.5 1
634.5 3
637.5 1
638.5 1
639.5 3
640.5 2
641.5 1
642.5 1
643.5 1
645.5 1
646.5 2
647.5 3
648.5 1
652.5 1
654.5 1
655.5 4
656.5 1
658.5 2
661.5 1
662.5 2
666.5 2
669.5 1
670.5 1
671.5 1
673.5 1
675.5 2
677.5 1
678.5 2
680.5 2
681.5 1
682.5 1
683.5 2
686.5 4
688.5 2
691.5 3
692.5 3
693.5 2
694.5 1
695.5 1
696.5 2
697.5 1
698.5 1
699.5 1
701.5 2
702.5 1
703.5 1
704.5 2
705.5 3
706.5 1
707.5 2
710.5 1
711.5 1
712.5 3
713.5 1
714.5 1
715.5 1
718.5 1
721.5 3
722.5 1
723.5 1
724.5 1
725.5 1
726.5 2
727.5 6
728.5 3
729.5 1
730.5 1
733.5 1
736.5 1
737.5 1
740.5 1
741.5 1
743.5 4
744.5 1
748.5 2
750.5 1
751.5 3
752.5 1
753.5 1
754.5 2
755.5 2
757.5 5
758.5 1
759.5 2
760.5 1
761.5 2
762.5 2
763.5 2
764.5 3
765.5 1
766.5 2
767.5 1
768.5 1
769.5 1
771.5 1
772.5 1
773.5 1
774.5 1
775.5 2
776.5 4
777.5 1
778.5 3
779.5 1
780.5 1
781.5 2
782.5 3
783.5 1
785.5 1
788.5 1
789.5 1
791.5 1
792.5 1
793.5 2
794.5 1
797.5 2
800.5 2
801.5 1
802.5 1
803.5 3
804.5 1
805.5 2
806.5 1
807.5 1
808.5 6
809.5 3
810.5 1
811.5 1
814.5 5
815.5 5
816.5 4
817.5 1
818.5 1
819.5 1
821.5 1
822.5 2
823.5 3
824.5 2
825.5 2
827.5 2
828.5 5
829.5 8
831.5 3
832.5 3
833.5 2
834.5 2
835.5 2
836.5 1
837.5 1
839.5 1
840.5 2
842.5 1
844.5 1
846.5 4
847.5 3
848.5 1
851.5 1
852.5 2
853.5 1
854.5 2
856.5 1
858.5 2
859.5 1
860.5 3
862.5 1
863.5 3
864.5 2
865.5 2
866.5 1
867.5 1
868.5 2
869.5 2
870.5 1
871.5 2
873.5 4
874.5 1
875.5 3
876.5 3
877.5 2
878.5 1
879.5 3
880.5 1
881.5 1
882.5 1
883.5 1
884.5 4
885.5 1
886.5 2
888.5 3
889.5 2
890.5 2
891.5 3
892.5 1
893.5 1
895.5 2
896.5 1
900.5 1
901.5 1
902.5 1
903.5 3
904.5 2
905.5 3
907.5 1
908.5 1
909.5 2
910.5 1
912.5 6
913.5 2
914.5 1
917.5 2
918.5 1
920.5 3
923.5 2
924.5 1
925.5 1
926.5 3
928.5 2
929.5 3
930.5 2
931.5 2
932.5 1
933.5 1
934.5 1
935.5 3
936.5 2
937.5 1
943.5 3
946.5 2
947.5 2
948.5 1
949.5 1
951.5 1
952.5 1
953.5 1
955.5 1
956.5 1
957.5 1
960.5 2
962.5 3
963.5 2
965.5 2
966.5 3
967.5 2
968.5 1
969.5 3
970.5 1
971.5 1
972.5 3
973.5 3
974.5 5
975.5 3
976.5 3
977.5 3
978.5 1
979.5 1
980.5 1
981.5 6
982.5 3
983.5 3
984.5 4
985.5 3
986.5 5
987.5 5
988.5 8
989.5 10
990.5 6
991.5 7
992.5 7
993.5 3
994.5 4
995.5 6
996.5 6
997.5 4
998.5 5
999.5 1
1000.5 1
1001.5 2
1004.5 2
1005.5 1
1008.5 4
1009.5 1
1011.5 2
1012.5 2
1013.5 1
1015.5 4
1016.5 1
1017.5 3
1018.5 2
1020.5 1
1021.5 2
1022.5 2
1023.5 4
1024.5 2
1025.5 1
1026.5 4
1027.5 3
1028.5 1
1029.5 3
1030.5 6
1031.5 1
1032.5 6
1033.5 1
1034.5 1
1035.5 4
1036.5 2
1037.5 1
1038.5 2
1039.5 2
1041.5 1
1042.5 2
1043.5 2
1044.5 2
1045.5 3
1046.5 4
1047.5 1
1048.5 2
1049.5 4
1050.5 1
1052.5 4
1053.5 5
1054.5 8
1055.5 2
1056.5 6
1057.5 5
1058.5 3
1059.5 4
1060.5 3
1061.5 3
1062.5 3
1063.5 1
1064.5 3
1067.5 2
1068.5 2
1069.5 3
1070.5 2
1071.5 2
1072.5 2
1073.5 2
1074.5 1
1075.5 5
1076.5 3
1077.5 3
1078.5 1
1079.5 1
1082.5 2
1083.5 1
1084.5 4
1086.5 2
1087.5 6
1088.5 4
1089.5 6
1090.5 1
1091.5 2
1093.5 1
1094.5 2
1095.5 4
1096.5 4
1097.5 3
1098.5 2
1099.5 2
1100.5 2
1102.5 3
1103.5 4
1104.5 3
1105.5 1
1106.5 3
1107.5 2
1108.5 1
1109.5 1
1110.5 5
1111.5 1
1112.5 3
1113.5 1
1114.5 2
1116.5 3
1117.5 1
1118.5 6
1119.5 1
1120.5 1
1121.5 1
1122.5 1
1124.5 1
1125.5 3
1126.5 1
1128.5 1
1129.5 1
1132.5 4
1133.5 1
1134.5 1
1135.5 1
1136.5 1
1137.5 3
1138.5 2
1139.5 2
1141.5 3
1142.5 1
1143.5 1
1144.5 2
1145.5 4
1148.5 5
1150.5 3
1151.5 1
1152.5 2
1154.5 1
1155.5 1
1159.5 1
1164.5 2
1167.5 1
1168.5 1
1179.5 1
1196.5 1
1201.5 1
1205.5 1
1206.5 1
1207.5 2
1208.5 1
1212.5 2
1214.5 1
1215.5 1
1216.5 3
1217.5 3
1220.5 3
1221.5 4
1222.5 2
1223.5 1
1224.5 4
1225.5 2
1226.5 6
1227.5 1
1229.5 1
1230.5 2
1231.5 3
1232.5 9
1233.5 3
1234.5 3
1235.5 3
1236.5 2
1237.5 3
1238.5 7
1239.5 1
1240.5 2
1241.5 3
1242.5 4
1243.5 8
1244.5 5
1245.5 1
1246.5 2
1247.5 6
1248.5 7
1249.5 6
1250.5 6
1251.5 8
1252.5 2
1253.5 4
1254.5 9
1255.5 5
1256.5 6
1257.5 4
1258.5 1
1259.5 1
1260.5 1
1261.5 3
1262.5 1
1264.5 2
1265.5 4
1267.5 1
1268.5 2
1269.5 1
1270.5 2
1272.5 2
1273.5 3
1274.5 2
1275.5 5
1276.5 4
1277.5 2
1278.5 2
1279.5 1
1280.5 5
1281.5 4
1283.5 4
1284.5 3
1285.5 4
1286.5 1
1287.5 1
1288.5 1
1289.5 2
1290.5 2
1292.5 2
1293.5 4
1295.5 2
1296.5 3
1297.5 1
1298.5 3
1300.5 1
1302.5 2
1303.5 1
1304.5 3
1305.5 4
1306.5 2
1307.5 3
1308.5 2
1309.5 3
1311.5 2
1312.5 1
1313.5 1
1315.5 6
1316.5 2
1317.5 2
1320.5 2
1322.5 1
1323.5 1
1324.5 1
1325.5 2
1326.5 1
1327.5 1
1330.5 1
1333.5 1
1334.5 2
1335.5 1
1336.5 1
1339.5 1
1342.5 2
1343.5 1
1344.5 2
1345.5 1
1346.5 1
1347.5 2
1351.5 1
1352.5 1
1354.5 1
1356.5 2
1358.5 2
1363.5 2
1364.5 1
1365.5 2
1366.5 3
1367.5 1
1374.5 1
1377.5 2
1382.5 1
1386.5 2
1387.5 1
1388.5 3
1389.5 3
1390.5 4
1391.5 3
1392.5 1
1393.5 2
1394.5 3
1395.5 6
1397.5 7
1398.5 6
1399.5 3
1400.5 3
1401.5 2
1402.5 7
1403.5 8
1404.5 4
1405.5 5
1406.5 10
1407.5 8
1408.5 9
1409.5 7
1410.5 11
1411.5 15
1412.5 14
1413.5 13
1414.5 16
1415.5 17
1416.5 12
1417.5 8
1418.5 6
1419.5 3
1420.5 8
1421.5 1
1422.5 1
1423.5 1
1424.5 1
1425.5 1
1426.5 1
1427.5 1
1429.5 1
1433.5 1
1436.5 1
1440.5 1
1441.5 1
1443.5 1
1444.5 2
1445.5 1
1448.5 2
1449.5 1
1450.5 4
1451.5 2
1452.5 1
1453.5 1
1455.5 1
1458.5 1
1460.5 1
1461.5 3
1462.5 2
1464.5 2
1465.5 1
1467.5 2
1470.5 1
1472.5 1
1473.5 1
1474.5 2
1476.5 2
1477.5 4
1480.5 4
1482.5 6
1483.5 2
1484.5 2
1485.5 1
1486.5 2
1488.5 1
1489.5 4
1490.5 2
1492.5 4
1493.5 4
1494.5 3
1495.5 3
1496.5 3
1497.5 2
1499.5 1
1500.5 1
1501.5 1
1502.5 1
1503.5 2
1505.5 1
1506.5 1
1509.5 3
1510.5 2
1511.5 2
1513.5 4
1514.5 2
1515.5 2
1516.5 4
1517.5 2
1518.5 1
1519.5 2
1520.5 3
1521.5 2
1522.5 3
1523.5 3
1524.5 1
1525.5 6
1526.5 4
1527.5 2
1528.5 3
1529.5 1
1531.5 1
1532.5 1
1533.5 1
1534.5 2
1535.5 3
1536.5 2
1537.5 2
1539.5 1
1540.5 3
1541.5 2
1542.5 2
1543.5 2
1544.5 3
1545.5 3
1546.5 3
1547.5 8
1548.5 5
1549.5 2
1550.5 4
1551.5 1
1552.5 3
1554.5 4
1555.5 3
1557.5 4
1558.5 1
1559.5 1
1560.5 1
1562.5 1
1563.5 1
1564.5 1
1565.5 2
1566.5 1
1568.5 3
1569.5 2
1570.5 3
1571.5 2
1572.5 5
1573.5 7
1574.5 2
1575.5 5
1576.5 2
1577.5 3
1578.5 1
1579.5 1
1580.5 2
1581.5 2
1582.5 2
1583.5 3
1584.5 2
1585.5 5
1586.5 5
1587.5 7
1588.5 5
1589.5 3
1590.5 2
1591.5 1
1592.5 7
1593.5 4
1594.5 2
1595.5 1
1596.5 4
1597.5 11
1598.5 4
1599.5 5
1600.5 4
1601.5 6
1602.5 10
1603.5 4
1604.5 8
1605.5 17
1606.5 10
1607.5 11
1608.5 12
1609.5 11
1610.5 7
1611.5 4
1612.5 7
1613.5 7
1614.5 3
1615.5 8
1616.5 7
1617.5 7
1618.5 2
1619.5 3
1620.5 4
1621.5 6
1622.5 7
1623.5 15
1624.5 12
1625.5 11
1626.5 9
1627.5 8
1628.5 7
1629.5 4
1630.5 4
1631.5 4
1632.5 3
1633.5 2
1634.5 3
1636.5 1
1637.5 1
1640.5 1
1641.5 1
1646.5 1
1649.5 2
1668.5 1
1669.5 1
1671.5 1
1677.5 2
1681.5 1
1686.5 2
1693.5 1
1695.5 3
1701.5 1
1705.5 2
1708.5 2
1709.5 1
1713.5 1
1715.5 1
1716.5 1
1717.5 1
1722.5 1
1731.5 1
1732.5 1
1733.5 2
1735.5 1
1737.5 2
1745.5 1
1748.5 2
1750.5 1
1751.5 2
1752.5 3
1754.5 1
1755.5 5
1757.5 2
1758.5 1
1761.5 1
1762.5 1
1763.5 2
1764.5 1
1765.5 2
1768.5 2
1769.5 3
1771.5 1
1774.5 1
1776.5 3
1777.5 2
1780.5 2
1783.5 4
1784.5 2
1785.5 3
1786.5 2
1787.5 4
1788.5 3
1789.5 2
1790.5 4
1791.5 2
1792.5 9
1793.5 11
1794.5 12
1795.5 9
1796.5 8
1797.5 13
1798.5 7
1799.5 7
1800.5 13
1801.5 15
1802.5 8
1803.5 16
1804.5 15
1805.5 14
1806.5 12
1807.5 10
1808.5 12
1809.5 9
1810.5 5
1811.5 8
1812.5 2
1813.5 5
1814.5 4
1815.5 3
1816.5 2
1817.5 1
1820.5 3
1821.5 1
1822.5 3
1823.5 1
1824.5 2
1825.5 1
1826.5 6
1827.5 3
1828.5 5
1829.5 5
1830.5 3
1831.5 4
1832.5 4
1833.5 4
1834.5 5
1835.5 4
1836.5 10
1837.5 7
1838.5 6
1839.5 6
1840.5 7
1841.5 10
1842.5 11
1843.5 12
1844.5 13
1845.5 20
1846.5 13
1847.5 12
1848.5 12
1849.5 17
1850.5 23
1851.5 17
1852.5 21
1853.5 6
1854.5 10
1855.5 5
1856.5 2
1857.5 6
1858.5 1
1860.5 1
1862.5 1
1863.5 1
1864.5 2
1865.5 1
1866.5 1
1867.5 1
1870.5 4
1871.5 1
1872.5 2
1873.5 2
1874.5 3
1875.5 2
1876.5 2
1877.5 4
1878.5 3
1879.5 2
1880.5 8
1881.5 3
1882.5 4
1883.5 4
1884.5 4
1885.5 7
1886.5 6
1888.5 1
1889.5 2
1890.5 3
1891.5 1
1892.5 1
1893.5 1
1894.5 1
1895.5 1
1897.5 1
1898.5 1
1900.5 1
1901.5 3
1902.5 1
1903.5 2
1905.5 3
1906.5 2
1907.5 1
1908.5 1
1909.5 4
1910.5 2
1911.5 3
1912.5 2
1913.5 1
1914.5 2
1915.5 5
1916.5 2
1917.5 1
1918.5 2
1920.5 4
1921.5 3
1922.5 2
1924.5 1
1925.5 2
1926.5 2
1927.5 3
1929.5 2
1931.5 1
1932.5 2
1933.5 2
1934.5 6
1935.5 1
1936.5 5
1937.5 3
1938.5 2
1939.5 5
1940.5 3
1941.5 5
1942.5 4
1943.5 9
1944.5 7
1945.5 6
1946.5 5
1947.5 8
1948.5 14
1949.5 8
1950.5 7
1951.5 10
1952.5 7
1953.5 3
1954.5 3
1955.5 2
1956.5 4
1958.5 1
1967.5 1
1975.5 3
1979.5 1
1984.5 1
1985.5 1
1986.5 2
1994.5 1
1995.5 1
1997.5 1
2001.5 1
2003.5 3
2004.5 5
2005.5 2
2006.5 2
2008.5 2
2010.5 4
2011.5 4
2012.5 6
2013.5 4
2014.5 3
2015.5 8
2016.5 6
2017.5 6
2018.5 8
2019.5 3
2020.5 8
2021.5 5
2022.5 7
2023.5 10
2024.5 20
2025.5 11
2026.5 13
2027.5 17
2028.5 20
2029.5 20
2030.5 21
2031.5 25
2032.5 23
2033.5 24
2034.5 31
2035.5 36
2036.5 47
2037.5 37
2038.5 31
2039.5 31
2040.5 40
2041.5 46
2042.5 54
2043.5 46
2044.5 59
2045.5 74
2046.5 72
2047.5 54
2048.5 71
2049.5 87
2050.5 75
2051.5 65
2052.5 50
2053.5 37
2054.5 48
2055.5 29
2056.5 20
2057.5 10
2058.5 6
2059.5 4
2060.5 6
2061.5 2
2062.5 1
2063.5 1
2064.5 1
2065.5 2
2066.5 3
2074.5 1
2075.5 1
2076.5 4
2077.5 2
2080.5 2
2081.5 1
2082.5 2
2083.5 3
2084.5 5
2085.5 2
2086.5 2
2087.5 4
2088.5 7
2089.5 5
2090.5 5
2091.5 4
2092.5 6
2093.5 6
2094.5 4
2095.5 4
2096.5 3
2097.5 4
2098.5 4
2099.5 5
2100.5 5
2101.5 7
2102.5 5
2103.5 6
2104.5 10
2105.5 6
2106.5 13
2107.5 4
2108.5 11
2109.5 11
2110.5 9
2111.5 8
2112.5 6
2113.5 10
2114.5 12
2115.5 10
2116.5 9
2117.5 11
2118.5 3
2119.5 11
2120.5 15
2121.5 8
2122.5 12
2123.5 15
2124.5 7
2125.5 29
2126.5 29
2127.5 22
2128.5 20
2129.5 23
2130.5 31
2131.5 34
2132.5 27
2133.5 49
2134.5 35
2135.5 40
2136.5 20
2137.5 14
2138.5 22
2139.5 15
2140.5 10
2141.5 8
2142.5 4
2143.5 4
2144.5 2
2145.5 2
2147.5 1
2148.5 1
2149.5 1
2157.5 1
2160.5 1
2167.5 1
2172.5 1
2175.5 2
2177.5 1
2180.5 1
2182.5 1
2183.5 1
2186.5 1
2191.5 2
2194.5 1
2195.5 1
2197.5 1
2198.5 1
2199.5 1
2200.5 1
2201.5 2
2203.5 1
2204.5 1
2205.5 5
2206.5 1
2207.5 5
2208.5 1
2209.5 3
2210.5 4
2211.5 4
2212.5 2
2213.5 4
2214.5 5
2215.5 4
2216.5 5
2217.5 6
2218.5 4
2219.5 9
2220.5 15
2221.5 11
2222.5 7
2223.5 10
2224.5 19
2225.5 16
2226.5 24
2227.5 14
2228.5 18
2229.5 18
2230.5 38
2231.5 32
2232.5 25
2233.5 30
2234.5 17
2235.5 27
2236.5 34
2237.5 16
2238.5 13
2239.5 20
2240.5 23
2241.5 18
2242.5 10
2243.5 24
2244.5 24
2245.5 35
2246.5 27
2247.5 37
2248.5 41
2249.5 52
2250.5 61
2251.5 53
2252.5 59
2253.5 75
2254.5 88
2255.5 78
2256.5 107
2257.5 104
2258.5 82
2259.5 128
2260.5 138
2261.5 139
2262.5 137
2263.5 177
2264.5 203
2265.5 277
2266.5 275
2267.5 285
2268.5 347
2269.5 327
2270.5 311
2271.5 326
2272.5 301
2273.5 265
2274.5 252
2275.5 173
2276.5 156
2277.5 121
2278.5 60
2279.5 59
2280.5 54
2281.5 28
2282.5 18
2283.5 15
2284.5 11
2285.5 6
2286.5 3
2287.5 1
2309.5 1
2322.5 1
2336.5 1
2388.5 1
2394.5 1
2395.5 1
2396.5 1
2402.5 1
2403.5 3
2404.5 4
2405.5 1
2406.5 2
2408.5 1
2411.5 4
2412.5 2
2413.5 1
2414.5 2
2415.5 4
