0.5 797
15.5 1
17.5 2
18.5 4
19.5 8
20.5 10
21.5 6
22.5 13
23.5 13
24.5 24
25.5 16
26.5 21
27.5 24
28.5 22
29.5 24
30.5 15
31.5 24
32.5 26
33.5 24
34.5 19
35.5 11
36.5 5
37.5 9
38.5 13
39.5 8
40.5 4
41.5 8
42.5 7
43.5 2
44.5 5
45.5 6
46.5 5
47.5 6
48.5 3
49.5 8
50.5 5
51.5 3
52.5 5
53.5 2
54.5 6
55.5 3
56.5 1
57.5 7
58.5 9
59.5 5
60.5 3
61.5 5
62.5 8
63.5 12
64.5 8
65.5 11
66.5 5
67.5 7
68.5 9
69.5 8
70.5 7
71.5 7
72.5 5
73.5 10
74.5 9
75.5 10
76.5 8
77.5 7
78.5 5
79.5 4
80.5 8
81.5 1
82.5 4
83.5 4
84.5 7
85.5 6
86.5 2
87.5 3
88.5 3
89.5 6
90.5 2
91.5 6
92.5 5
93.5 3
94.5 8
95.5 3
96.5 7
97.5 6
98.5 2
99.5 3
100.5 2
101.5 5
102.5 10
103.5 8
104.5 8
105.5 2
106.5 5
107.5 7
108.5 6
109.5 5
110.5 5
111.5 7
112.5 2
113.5 4
114.5 4
115.5 5
116.5 5
117.5 4
118.5 6
119.5 4
120.5 4
121.5 3
122.5 6
123.5 9
124.5 3
125.5 8
126.5 3
127.5 7
128.5 4
129.5 4
130.5 3
131.5 4
132.5 4
133.5 1
134.5 3
135.5 6
136.5 3
137.5 5
138.5 10
139.5 4
140.5 4
141.5 10
142.5 8
143.5 7
144.5 3
145.5 13
146.5 7
147.5 1
148.5 7
149.5 6
150.5 10
151.5 9
152.5 6
153.5 9
154.5 5
155.5 7
156.5 8
157.5 7
158.5 2
159.5 2
160.5 8
161.5 1
162.5 7
163.5 3
164.5 4
165.5 5
166.5 3
167.5 7
168.5 5
169.5 8
170.5 8
171.5 6
172.5 9
173.5 4
174.5 6
175.5 6
176.5 5
177.5 4
178.5 5
179.5 12
180.5 10
181.5 12
182.5 7
183.5 9
184.5 9
185.5 9
186.5 13
187.5 11
188.5 8
189.5 13
190.5 8
191.5 15
192.5 21
193.5 17
194.5 20
195.5 22
196.5 15
197.5 17
198.5 18
199.5 10
200.5 10
201.5 15
202.5 9
203.5 7
204.5 12
205.5 11
206.5 7
207.5 6
208.5 10
209.5 9
210.5 7
211.5 7
212.5 5
213.5 4
214.5 6
215.5 5
216.5 2
217.5 4
218.5 1
219.5 2
220.5 2
221.5 1
222.5 2
223.5 1
224.5 2
225.5 3
226.5 2
228.5 1
229.5 4
230.5 4
231.5 1
232.5 3
233.5 2
234.5 1
235.5 5
236.5 3
237.5 5
238.5 2
239.5 6
240.5 2
241.5 4
242.5 2
243.5 3
244.5 5
245.5 9
246.5 2
247.5 4
248.5 6
249.5 4
250.5 8
251.5 7
252.5 4
253.5 9
254.5 5
255.5 7
256.5 5
257.5 9
258.5 2
259.5 5
260.5 7
261.5 2
263.5 6
264.5 5
265.5 4
266.5 5
267.5 3
268.5 3
269.5 2
270.5 5
271.5 4
272.5 3
273.5 6
274.5 8
275.5 7
276.5 4
277.5 5
278.5 5
279.5 12
280.5 11
281.5 10
282.5 8
283.5 11
284.5 14
285.5 8
286.5 13
287.5 16
288.5 8
289.5 10
290.5 23
291.5 13
292.5 26
293.5 13
294.5 18
295.5 21
296.5 17
297.5 29
298.5 18
299.5 21
300.5 24
301.5 26
302.5 16
303.5 24
304.5 21
305.5 32
306.5 22
307.5 25
308.5 28
309.5 15
310.5 18
311.5 18
312.5 21
313.5 25
314.5 16
315.5 20
316.5 24
317.5 17
318.5 12
319.5 17
320.5 15
321.5 15
322.5 14
323.5 16
324.5 16
325.5 25
326.5 16
327.5 16
328.5 16
329.5 15
330.5 9
331.5 9
332.5 9
333.5 11
334.5 12
335.5 9
336.5 9
337.5 8
338.5 9
339.5 5
340.5 3
341.5 9
342.5 10
343.5 10
344.5 9
345.5 7
346.5 10
347.5 6
348.5 16
349.5 8
350.5 9
351.5 13
352.5 12
353.5 11
354.5 10
355.5 18
356.5 14
357.5 11
358.5 16
359.5 11
360.5 19
361.5 15
362.5 13
363.5 14
364.5 15
365.5 16
366.5 10
367.5 8
368.5 8
369.5 7
370.5 3
371.5 6
372.5 8
373.5 2
374.5 9
375.5 8
376.5 9
377.5 3
378.5 7
379.5 4
380.5 3
381.5 6
382.5 5
383.5 1
384.5 4
385.5 6
386.5 5
387.5 5
388.5 9
389.5 5
390.5 9
391.5 3
392.5 8
393.5 10
394.5 6
395.5 13
396.5 7
397.5 9
398.5 5
399.5 7
400.5 9
401.5 8
402.5 3
403.5 9
404.5 6
405.5 5
406.5 7
407.5 10
408.5 8
409.5 7
410.5 11
411.5 7
412.5 11
413.5 13
414.5 9
415.5 8
416.5 12
417.5 12
418.5 11
419.5 9
420.5 7
421.5 6
422.5 7
423.5 2
424.5 2
425.5 7
426.5 9
427.5 6
428.5 6
429.5 2
430.5 6
431.5 5
432.5 5
433.5 6
434.5 5
435.5 6
436.5 1
437.5 6
438.5 10
439.5 5
440.5 13
441.5 8
442.5 2
443.5 10
444.5 5
445.5 7
446.5 6
447.5 13
448.5 3
449.5 8
450.5 10
451.5 5
452.5 5
453.5 16
454.5 7
455.5 2
456.5 12
457.5 11
458.5 8
459.5 7
460.5 4
461.5 8
462.5 3
463.5 6
464.5 6
465.5 4
466.5 9
467.5 6
468.5 6
469.5 6
470.5 7
471.5 5
472.5 4
473.5 5
474.5 3
475.5 6
476.5 5
477.5 4
478.5 11
479.5 5
480.5 5
481.5 6
482.5 5
483.5 7
484.5 10
485.5 4
486.5 4
487.5 7
488.5 7
489.5 6
490.5 6
492.5 5
493.5 8
494.5 5
495.5 6
496.5 6
497.5 5
498.5 2
499.5 8
500.5 3
501.5 4
502.5 1
503.5 7
504.5 1
505.5 3
506.5 2
507.5 5
508.5 3
509.5 5
510.5 5
511.5 2
512.5 3
513.5 7
514.5 4
515.5 9
516.5 11
517.5 11
518.5 10
519.5 9
520.5 8
521.5 5
522.5 9
523.5 2
524.5 22
525.5 7
526.5 7
527.5 10
528.5 6
529.5 15
530.5 12
531.5 6
532.5 12
533.5 14
534.5 9
535.5 15
536.5 26
537.5 34
538.5 16
539.5 21
540.5 17
541.5 20
542.5 19
543.5 19
544.5 37
545.5 29
546.5 32
547.5 30
548.5 37
549.5 34
550.5 51
551.5 27
552.5 30
553.5 25
554.5 36
555.5 14
556.5 14
557.5 20
558.5 16
559.5 6
560.5 12
561.5 10
562.5 12
563.5 16
564.5 11
565.5 10
566.5 11
567.5 9
568.5 2
569.5 8
570.5 8
571.5 3
572.5 8
573.5 5
574.5 15
575.5 4
576.5 4
577.5 9
578.5 4
579.5 16
580.5 10
581.5 9
582.5 16
583.5 19
584.5 7
585.5 18
586.5 12
587.5 20
588.5 14
589.5 21
590.5 18
591.5 25
592.5 15
593.5 17
594.5 24
595.5 18
596.5 17
597.5 15
598.5 21
599.5 13
600.5 12
601.5 11
602.5 14
603.5 16
604.5 17
605.5 20
606.5 8
607.5 6
608.5 18
609.5 12
610.5 15
611.5 10
612.5 6
613.5 10
614.5 7
615.5 10
616.5 4
617.5 6
618.5 10
619.5 11
620.5 7
621.5 10
622.5 7
623.5 6
624.5 8
625.5 6
626.5 3
627.5 11
628.5 4
629.5 5
630.5 6
631.5 6
632.5 4
633.5 4
634.5 5
635.5 3
636.5 3
637.5 4
638.5 6
640.5 2
641.5 4
642.5 3
643.5 2
644.5 6
645.5 2
646.5 3
647.5 5
648.5 2
649.5 2
650.5 2
651.5 3
652.5 3
653.5 6
654.5 2
655.5 4
656.5 6
657.5 2
658.5 3
659.5 11
660.5 3
661.5 7
662.5 2
663.5 3
664.5 2
665.5 2
666.5 2
667.5 2
668.5 4
669.5 4
670.5 7
671.5 7
672.5 7
673.5 3
674.5 2
675.5 11
676.5 4
678.5 1
679.5 6
681.5 4
682.5 4
683.5 3
684.5 5
685.5 3
686.5 3
687.5 2
688.5 1
689.5 3
690.5 3
691.5 6
692.5 1
693.5 3
694.5 3
695.5 1
697.5 4
698.5 3
699.5 7
700.5 7
701.5 6
702.5 3
703.5 5
704.5 4
705.5 7
706.5 4
707.5 6
708.5 6
709.5 4
710.5 4
711.5 4
712.5 3
713.5 7
714.5 2
715.5 6
716.5 4
717.5 5
718.5 3
719.5 5
720.5 4
721.5 4
723.5 3
724.5 9
725.5 2
726.5 2
727.5 4
728.5 4
729.5 5
730.5 3
731.5 1
732.5 5
733.5 7
734.5 5
735.5 3
736.5 2
737.5 5
738.5 3
739.5 1
740.5 3
741.5 2
742.5 4
743.5 1
744.5 2
745.5 3
746.5 6
747.5 2
748.5 8
749.5 4
750.5 4
751.5 1
752.5 1
753.5 5
754.5 1
755.5 1
756.5 5
757.5 6
758.5 1
759.5 5
760.5 2
762.5 4
763.5 1
765.5 2
766.5 1
767.5 1
768.5 1
769.5 6
770.5 1
771.5 2
772.5 1
773.5 5
774.5 4
775.5 4
776.5 2
777.5 2
778.5 1
779.5 7
780.5 1
781.5 2
782.5 4
783.5 2
784.5 4
785.5 1
786.5 3
787.5 4
788.5 3
789.5 2
790.5 2
791.5 3
792.5 1
793.5 6
794.5 4
795.5 4
796.5 2
797.5 5
798.5 4
799.5 6
800.5 10
801.5 13
802.5 9
803.5 9
804.5 11
805.5 6
806.5 6
807.5 10
808.5 6
809.5 11
810.5 11
811.5 12
812.5 7
813.5 10
814.5 10
815.5 10
816.5 10
817.5 13
818.5 5
819.5 7
820.5 6
821.5 6
822.5 5
823.5 5
824.5 2
825.5 3
826.5 4
827.5 2
828.5 1
829.5 5
830.5 3
831.5 3
832.5 3
833.5 1
834.5 1
835.5 1
837.5 2
839.5 5
840.5 2
841.5 2
842.5 4
843.5 1
844.5 5
845.5 2
846.5 2
847.5 2
848.5 6
849.5 2
850.5 8
851.5 4
852.5 1
853.5 1
854.5 4
855.5 3
856.5 3
857.5 2
858.5 5
859.5 3
860.5 9
861.5 7
862.5 2
863.5 4
864.5 3
865.5 8
866.5 2
867.5 3
868.5 1
869.5 3
870.5 3
871.5 3
872.5 5
873.5 1
874.5 2
875.5 5
876.5 5
877.5 7
878.5 4
879.5 9
880.5 2
881.5 5
882.5 8
883.5 6
884.5 5
885.5 4
886.5 8
887.5 6
888.5 5
889.5 8
890.5 7
891.5 7
892.5 11
893.5 15
894.5 5
895.5 19
896.5 14
897.5 16
898.5 16
899.5 13
900.5 14
901.5 17
902.5 11
903.5 14
904.5 14
905.5 10
906.5 12
907.5 4
908.5 8
909.5 6
910.5 7
911.5 5
912.5 5
913.5 3
914.5 1
915.5 3
916.5 1
917.5 2
918.5 4
919.5 2
920.5 3
922.5 1
923.5 1
924.5 1
926.5 5
927.5 4
928.5 2
930.5 1
931.5 1
932.5 3
933.5 3
934.5 3
935.5 2
936.5 4
937.5 1
938.5 5
939.5 3
940.5 3
941.5 1
942.5 4
943.5 3
944.5 7
945.5 2
946.5 2
947.5 8
948.5 9
949.5 6
950.5 5
951.5 11
952.5 3
953.5 2
954.5 11
955.5 9
956.5 5
957.5 8
958.5 11
959.5 7
960.5 9
961.5 7
962.5 3
963.5 9
964.5 7
965.5 12
966.5 9
967.5 8
968.5 11
969.5 7
970.5 10
971.5 8
972.5 14
973.5 6
974.5 10
975.5 14
976.5 7
977.5 9
978.5 12
979.5 11
980.5 4
981.5 10
982.5 3
983.5 8
984.5 11
985.5 8
986.5 4
987.5 3
988.5 5
989.5 5
990.5 4
991.5 4
992.5 1
993.5 3
994.5 5
995.5 1
996.5 2
999.5 1
1000.5 2
1001.5 2
1002.5 1
1003.5 1
1004.5 2
1005.5 3
1006.5 4
1007.5 1
1008.5 1
1009.5 5
1010.5 4
1011.5 3
1012.5 1
1013.5 7
1014.5 4
1015.5 1
1016.5 2
1017.5 3
1018.5 5
1019.5 6
1020.5 3
1021.5 4
1022.5 2
1023.5 6
1024.5 4
1025.5 4
1026.5 2
1027.5 7
1028.5 7
1029.5 8
1030.5 4
1031.5 5
1032.5 8
1033.5 9
1034.5 15
1035.5 13
1036.5 13
1037.5 7
1038.5 13
1039.5 7
1040.5 9
1041.5 6
1042.5 9
1043.5 1
1044.5 4
1045.5 1
1046.5 3
1047.5 4
1048.5 5
1049.5 1
1050.5 2
1051.5 1
1052.5 1
1053.5 2
1054.5 2
1055.5 5
1056.5 1
1057.5 3
1058.5 3
1059.5 1
1060.5 3
1061.5 2
1062.5 3
1063.5 1
1064.5 4
1065.5 2
1066.5 3
1067.5 2
1069.5 1
1070.5 2
1071.5 2
1072.5 1
1074.5 3
1077.5 1
1078.5 1
1079.5 2
1083.5 1
1084.5 1
1085.5 1
1086.5 2
1087.5 2
1088.5 1
1089.5 1
1090.5 4
1092.5 1
1093.5 2
1094.5 5
1095.5 2
1096.5 4
1097.5 4
1098.5 3
1099.5 3
1100.5 2
1101.5 2
1102.5 5
1103.5 1
1104.5 1
1105.5 2
1106.5 2
1107.5 4
1108.5 6
1109.5 5
1110.5 2
1111.5 5
1112.5 5
1113.5 2
1114.5 7
1115.5 6
1116.5 6
1117.5 4
1118.5 6
1119.5 8
1120.5 8
1121.5 3
1122.5 8
1123.5 1
1124.5 5
1125.5 2
1126.5 7
1127.5 6
1128.5 5
1129.5 7
1130.5 7
1131.5 5
1132.5 12
1133.5 4
1134.5 3
1135.5 5
1136.5 6
1137.5 9
1138.5 10
1139.5 4
1140.5 8
1141.5 8
1142.5 9
1143.5 4
1144.5 10
1145.5 6
1146.5 3
1147.5 5
1148.5 11
1149.5 10
1150.5 9
1151.5 8
1152.5 5
1153.5 4
1154.5 10
1155.5 4
1156.5 5
1157.5 6
1158.5 13
1159.5 5
1160.5 4
1161.5 7
1162.5 4
1163.5 5
1164.5 9
1165.5 5
1166.5 8
1167.5 10
1168.5 10
1169.5 8
1170.5 7
1171.5 11
1172.5 17
1173.5 6
1174.5 9
1175.5 9
1176.5 6
1177.5 9
1178.5 10
1179.5 5
1180.5 6
1181.5 11
1182.5 9
1183.5 8
1184.5 8
1185.5 7
1186.5 4
1187.5 8
1188.5 6
1189.5 7
1190.5 10
1191.5 7
1192.5 3
1193.5 1
1194.5 5
1195.5 8
1196.5 5
1197.5 7
1198.5 7
1199.5 9
1200.5 6
1201.5 11
1202.5 7
1203.5 6
1204.5 2
1205.5 10
1206.5 20
1207.5 9
1208.5 19
1209.5 23
1210.5 19
1211.5 19
1212.5 26
1213.5 28
1214.5 34
1215.5 23
1216.5 35
1217.5 27
1218.5 28
1219.5 34
1220.5 44
1221.5 27
1222.5 44
1223.5 26
1224.5 28
1225.5 28
1226.5 23
1227.5 23
1228.5 16
1229.5 24
1230.5 22
1231.5 30
1232.5 12
1233.5 16
1234.5 14
1235.5 13
1236.5 12
1237.5 8
1238.5 8
1239.5 7
1240.5 3
1241.5 14
1242.5 6
1243.5 4
1244.5 9
1245.5 6
1246.5 9
1247.5 8
1248.5 4
1249.5 8
1250.5 5
1251.5 5
1252.5 4
1253.5 2
1254.5 8
1255.5 9
1256.5 10
1257.5 5
1258.5 7
1259.5 3
1260.5 11
1261.5 9
1262.5 13
1263.5 16
1264.5 18
1265.5 19
1266.5 30
1267.5 20
1268.5 25
1269.5 23
1270.5 12
1271.5 16
1272.5 22
1273.5 33
1274.5 14
1275.5 23
1276.5 11
1277.5 11
1278.5 14
1279.5 14
1280.5 10
1281.5 10
1282.5 16
1283.5 5
1284.5 8
1285.5 4
1286.5 6
1287.5 9
1288.5 13
1289.5 5
1290.5 8
1291.5 7
1292.5 5
1293.5 10
1294.5 8
1295.5 13
1296.5 9
1297.5 11
1298.5 12
1299.5 8
1300.5 16
1301.5 21
1302.5 21
1303.5 15
1304.5 22
1305.5 24
1306.5 14
1307.5 19
1308.5 22
1309.5 19
1310.5 17
1311.5 25
1312.5 30
1313.5 34
1314.5 31
1315.5 35
1316.5 28
1317.5 35
1318.5 31
1319.5 28
1320.5 44
1321.5 37
1322.5 35
1323.5 28
1324.5 22
1325.5 21
1326.5 20
1327.5 20
1328.5 17
1329.5 9
1330.5 7
1331.5 7
1332.5 8
1333.5 6
1334.5 5
1335.5 5
1336.5 2
1337.5 3
1338.5 5
1339.5 1
1340.5 1
1341.5 3
1342.5 1
1343.5 5
1344.5 7
1345.5 2
1346.5 5
1347.5 4
1348.5 1
1349.5 4
1350.5 11
1351.5 5
1352.5 5
1353.5 6
1354.5 3
1355.5 7
1356.5 5
1357.5 10
1358.5 6
1359.5 8
1360.5 5
1361.5 11
1362.5 9
1363.5 10
1364.5 8
1365.5 9
1366.5 14
1367.5 12
1368.5 20
1369.5 24
1370.5 19
1371.5 20
1372.5 25
1373.5 29
1374.5 32
1375.5 22
1376.5 27
1377.5 25
1378.5 17
1379.5 11
1380.5 19
1381.5 32
1382.5 18
1383.5 21
1384.5 15
1385.5 13
1386.5 12
1387.5 15
1388.5 3
1389.5 5
1390.5 7
1391.5 11
1392.5 9
1393.5 8
1394.5 1
1395.5 6
1396.5 3
1397.5 4
1398.5 5
1399.5 5
1400.5 2
1401.5 1
1402.5 4
1403.5 1
1404.5 2
1405.5 2
1406.5 5
1407.5 1
1408.5 1
1409.5 1
1411.5 1
1412.5 1
1413.5 2
1414.5 1
1416.5 1
1417.5 3
1418.5 1
1419.5 1
1420.5 2
1421.5 1
1422.5 1
1424.5 1
1431.5 1
1433.5 2
1434.5 3
1437.5 2
1439.5 1
1440.5 1
1442.5 1
1443.5 2
1444.5 1
1445.5 5
1446.5 2
1447.5 2
1448.5 1
1449.5 1
1450.5 5
1451.5 4
1452.5 3
1453.5 1
1454.5 1
1455.5 5
1456.5 3
1457.5 4
1458.5 4
1459.5 4
1460.5 4
1461.5 2
1462.5 4
1464.5 4
1465.5 3
1466.5 7
1467.5 2
1468.5 3
1469.5 4
1470.5 3
1471.5 1
1472.5 2
1473.5 1
1474.5 3
1475.5 3
1476.5 6
1477.5 9
1478.5 6
1479.5 9
1480.5 2
1481.5 5
1482.5 1
1483.5 4
1484.5 4
1485.5 5
1486.5 3
1487.5 1
1488.5 3
1489.5 4
1490.5 5
1491.5 4
1492.5 6
1494.5 3
1495.5 5
1496.5 3
1497.5 6
1498.5 6
1499.5 7
1500.5 7
1501.5 9
1502.5 2
1503.5 11
1504.5 4
1505.5 5
1506.5 6
1507.5 8
1508.5 9
1509.5 9
1510.5 7
1511.5 6
1512.5 5
1513.5 4
1514.5 5
1515.5 2
1516.5 5
1517.5 6
1518.5 7
1519.5 4
1520.5 4
1521.5 9
1522.5 7
1523.5 6
1524.5 5
1525.5 5
1526.5 4
1527.5 8
1528.5 3
1529.5 8
1530.5 5
1531.5 5
1532.5 10
1533.5 8
1534.5 6
1535.5 5
1536.5 4
1537.5 7
1538.5 8
1539.5 8
1540.5 9
1541.5 12
1542.5 10
1543.5 9
1544.5 4
1545.5 3
1546.5 12
1547.5 5
1548.5 11
1549.5 7
1550.5 11
1551.5 7
1552.5 9
1553.5 6
1554.5 9
1555.5 8
1556.5 18
1557.5 9
1558.5 9
1559.5 11
1560.5 14
1561.5 18
1562.5 17
1563.5 15
1564.5 19
1565.5 16
1566.5 11
1567.5 15
1568.5 18
1569.5 11
1570.5 14
1571.5 10
1572.5 14
1573.5 19
1574.5 13
1575.5 19
1576.5 11
1577.5 10
1578.5 11
1579.5 9
1580.5 16
1581.5 10
1582.5 6
1583.5 9
1584.5 10
1585.5 7
1586.5 5
1587.5 9
1588.5 6
1589.5 10
1590.5 8
1591.5 10
1592.5 7
1593.5 8
1594.5 8
1595.5 10
1596.5 8
1597.5 14
1598.5 9
1599.5 8
1600.5 9
1601.5 8
1602.5 13
1603.5 16
1604.5 9
1605.5 2
1606.5 10
1607.5 12
1608.5 5
1609.5 10
1610.5 5
1611.5 5
1612.5 9
1613.5 3
1614.5 6
1615.5 4
1616.5 13
1617.5 5
1618.5 7
1619.5 4
1620.5 5
1621.5 11
1622.5 7
1623.5 5
1624.5 11
1625.5 7
1626.5 11
1627.5 8
1628.5 10
1629.5 8
1630.5 7
1631.5 8
1632.5 8
1633.5 14
1634.5 9
1635.5 8
1636.5 13
1637.5 19
1638.5 18
1639.5 12
1640.5 21
1641.5 11
1642.5 12
1643.5 12
1644.5 17
1645.5 15
1646.5 11
1647.5 12
1648.5 17
1649.5 16
1650.5 24
1651.5 14
1652.5 19
1653.5 18
1654.5 20
1655.5 9
1656.5 16
1657.5 19
1658.5 19
1659.5 20
1660.5 14
1661.5 14
1662.5 20
1663.5 11
1664.5 18
1665.5 9
1666.5 22
1667.5 16
1668.5 18
1669.5 15
1670.5 13
1671.5 16
1672.5 21
1673.5 15
1674.5 22
1675.5 15
1676.5 18
1677.5 13
1678.5 17
1679.5 15
1680.5 12
1681.5 13
1682.5 14
1683.5 8
1684.5 13
1685.5 6
1686.5 8
1687.5 6
1688.5 6
1689.5 7
1690.5 8
1691.5 7
1692.5 7
1693.5 7
1694.5 9
1695.5 4
1696.5 11
1697.5 10
1698.5 16
1699.5 4
1700.5 10
1701.5 11
1702.5 12
1703.5 5
1704.5 8
1705.5 14
1706.5 14
1707.5 8
1708.5 11
1709.5 14
1710.5 17
1711.5 11
1712.5 11
1713.5 11
1714.5 8
1715.5 14
1716.5 7
1717.5 6
1718.5 7
1719.5 3
1720.5 4
1721.5 3
1722.5 4
1723.5 7
1724.5 7
1725.5 4
1726.5 2
1727.5 1
1728.5 3
1729.5 1
1730.5 3
1731.5 2
1732.5 2
1733.5 6
1734.5 1
1735.5 5
1736.5 2
1737.5 3
1738.5 4
1739.5 7
1741.5 4
1742.5 3
1743.5 6
1744.5 8
1745.5 5
1746.5 8
1747.5 8
1748.5 7
1749.5 7
1750.5 5
1751.5 8
1752.5 7
1753.5 2
1754.5 5
1755.5 6
1756.5 3
1757.5 5
1758.5 5
1759.5 9
1760.5 9
1761.5 7
1762.5 4
1763.5 5
1764.5 2
1765.5 7
1766.5 11
1767.5 8
1768.5 2
1769.5 6
1770.5 7
1771.5 5
1772.5 9
1773.5 11
1774.5 7
1775.5 8
1776.5 15
1777.5 13
1778.5 14
1779.5 17
1780.5 15
1781.5 12
1782.5 12
1783.5 13
1784.5 18
1785.5 24
1786.5 17
1787.5 14
1788.5 18
1789.5 14
1790.5 11
1791.5 20
1792.5 31
1793.5 34
1794.5 31
1795.5 28
1796.5 31
1797.5 36
1798.5 38
1799.5 41
1800.5 60
1801.5 46
1802.5 41
1803.5 43
1804.5 45
1805.5 48
1806.5 53
1807.5 43
1808.5 62
1809.5 48
1810.5 50
1811.5 46
1812.5 34
1813.5 43
1814.5 46
1815.5 41
1816.5 49
1817.5 39
1818.5 49
1819.5 36
1820.5 37
1821.5 51
1822.5 43
1823.5 47
1824.5 52
1825.5 38
1826.5 45
1827.5 36
1828.5 53
1829.5 51
1830.5 61
1831.5 55
1832.5 56
1833.5 43
1834.5 50
1835.5 39
1836.5 28
1837.5 35
1838.5 25
1839.5 30
1840.5 24
1841.5 21
1842.5 20
1843.5 14
1844.5 12
1845.5 9
1846.5 4
1847.5 9
1848.5 4
1849.5 4
1850.5 3
1852.5 2
1853.5 2
1854.5 3
1855.5 4
1857.5 4
1859.5 1
1860.5 3
1861.5 6
1862.5 6
1863.5 2
1864.5 6
1865.5 2
1866.5 2
1867.5 4
1868.5 3
1869.5 9
1870.5 6
1872.5 4
1873.5 5
1874.5 4
1875.5 4
1876.5 5
1877.5 5
1878.5 6
1879.5 2
1880.5 3
1881.5 5
1882.5 4
1883.5 6
1884.5 8
1885.5 7
1886.5 11
1887.5 9
1888.5 7
1889.5 5
1890.5 8
1891.5 9
1892.5 10
1893.5 11
1894.5 7
1895.5 18
1896.5 10
1897.5 11
1898.5 14
1899.5 17
1900.5 11
1901.5 17
1902.5 18
1903.5 18
1904.5 26
1905.5 31
1906.5 20
1907.5 27
1908.5 34
1909.5 39
1910.5 41
1911.5 49
1912.5 32
1913.5 48
1914.5 55
1915.5 67
1916.5 32
1917.5 40
1918.5 63
1919.5 40
1920.5 34
1921.5 43
1922.5 36
1923.5 40
1924.5 36
1925.5 41
1926.5 43
1927.5 47
1928.5 46
1929.5 50
1930.5 32
1931.5 38
1932.5 38
1933.5 41
1934.5 52
1935.5 41
1936.5 44
1937.5 51
1938.5 53
1939.5 52
1940.5 37
1941.5 38
1942.5 42
1943.5 32
1944.5 35
1945.5 27
1946.5 14
1947.5 27
1948.5 23
1949.5 16
1950.5 8
1951.5 11
1952.5 9
1953.5 9
1954.5 7
1955.5 9
1956.5 9
1957.5 2
1958.5 2
1959.5 2
1960.5 3
1961.5 2
1962.5 5
1963.5 1
1965.5 3
1967.5 1
1968.5 3
1969.5 1
1970.5 1
1971.5 2
1972.5 6
1973.5 5
1974.5 1
1975.5 7
1976.5 3
1977.5 2
1978.5 9
1979.5 5
1980.5 4
1981.5 6
1982.5 3
1983.5 9
1984.5 5
1985.5 6
1986.5 4
1987.5 7
1988.5 7
1989.5 6
1990.5 8
1991.5 9
1992.5 3
1993.5 10
1994.5 6
1995.5 8
1996.5 2
1997.5 8
1998.5 8
1999.5 6
2000.5 7
2001.5 7
2002.5 4
2003.5 9
2004.5 11
2005.5 11
2006.5 10
2007.5 11
2008.5 11
2009.5 9
2010.5 9
2011.5 10
2012.5 13
2013.5 11
2014.5 9
2015.5 18
2016.5 16
2017.5 20
2018.5 14
2019.5 20
2020.5 18
2021.5 18
2022.5 19
2023.5 16
2024.5 12
2025.5 27
2026.5 24
2027.5 17
2028.5 31
2029.5 28
2030.5 28
2031.5 35
2032.5 34
2033.5 30
2034.5 40
2035.5 40
2036.5 43
2037.5 44
2038.5 35
2039.5 25
2040.5 40
2041.5 37
2042.5 18
2043.5 23
2044.5 26
2045.5 17
2046.5 15
2047.5 15
2048.5 11
2049.5 17
2050.5 7
2051.5 11
2052.5 11
2053.5 7
2054.5 10
2055.5 6
2056.5 5
2057.5 5
2058.5 8
2059.5 10
2060.5 9
2061.5 7
2062.5 4
2063.5 2
2064.5 4
2065.5 6
2066.5 4
2067.5 9
2068.5 9
2069.5 7
2070.5 9
2071.5 5
2072.5 4
2073.5 8
2074.5 8
2075.5 4
2076.5 3
2077.5 5
2078.5 4
2079.5 4
2080.5 9
2081.5 2
2082.5 1
2083.5 4
2084.5 7
2085.5 4
2086.5 4
2087.5 3
2090.5 2
2091.5 1
2092.5 2
2093.5 1
2095.5 1
2097.5 1
2098.5 2
2099.5 1
2100.5 3
2102.5 3
2103.5 2
2104.5 1
2105.5 3
2106.5 3
2107.5 2
2108.5 3
2110.5 3
2111.5 1
2112.5 2
2113.5 2
2115.5 1
2116.5 4
2117.5 3
2118.5 3
2119.5 5
2120.5 2
2121.5 7
2122.5 6
2123.5 6
2124.5 7
2125.5 4
2126.5 3
2127.5 5
2128.5 2
2129.5 5
2130.5 6
2131.5 2
2132.5 2
2133.5 3
2134.5 3
2135.5 5
2136.5 3
2137.5 3
2138.5 2
2139.5 2
2140.5 4
2141.5 2
2142.5 1
2143.5 1
2144.5 1
2146.5 3
2147.5 1
2148.5 2
2149.5 4
2150.5 2
2151.5 3
2152.5 2
2153.5 3
2154.5 2
2155.5 4
2156.5 2
2157.5 3
2158.5 2
2159.5 2
2160.5 3
2161.5 2
2162.5 1
2163.5 3
2164.5 3
2165.5 4
2166.5 4
2167.5 10
2168.5 2
2169.5 6
2170.5 6
2171.5 6
2172.5 7
2173.5 6
2174.5 2
2175.5 1
2176.5 3
2177.5 5
2178.5 7
2179.5 3
2180.5 6
2181.5 3
2182.5 7
2183.5 2
2184.5 2
2185.5 3
2186.5 1
2187.5 5
2188.5 3
2189.5 1
2190.5 2
2191.5 1
2192.5 1
2193.5 1
2194.5 1
2196.5 3
2197.5 1
2198.5 1
2199.5 1
2200.5 4
2201.5 1
2202.5 1
2203.5 2
2204.5 1
2206.5 2
2208.5 1
2209.5 1
2210.5 4
2211.5 6
2212.5 2
2213.5 3
2214.5 2
2215.5 5
2216.5 2
2217.5 5
2218.5 3
2220.5 2
2221.5 5
2222.5 2
2223.5 2
2224.5 2
2225.5 3
2226.5 2
2227.5 1
2228.5 1
2229.5 6
2230.5 1
2231.5 5
2232.5 1
2233.5 5
2234.5 5
2236.5 1
2237.5 2
2238.5 1
2239.5 4
2240.5 6
2241.5 4
2242.5 4
2243.5 5
2244.5 2
2245.5 1
2247.5 1
2248.5 1
2249.5 5
2250.5 1
2251.5 1
2252.5 1
2253.5 2
2254.5 1
2255.5 1
2256.5 2
2257.5 1
2260.5 4
2261.5 3
2262.5 3
2263.5 5
2264.5 2
2265.5 3
2267.5 3
2268.5 3
2269.5 1
2270.5 2
2271.5 4
2272.5 3
2273.5 4
2274.5 4
2275.5 7
2276.5 4
2277.5 3
2278.5 2
2279.5 4
2280.5 5
2281.5 3
2282.5 2
2283.5 6
2284.5 1
2285.5 2
2286.5 2
2287.5 4
2288.5 4
2289.5 4
2291.5 2
2292.5 4
2293.5 2
2294.5 2
2295.5 1
2296.5 2
2297.5 3
2298.5 1
2299.5 1
2300.5 2
2302.5 1
2303.5 2
2304.5 1
2305.5 1
2306.5 1
2308.5 2
2309.5 3
2310.5 1
2311.5 1
2313.5 2
2315.5 2
2316.5 2
2317.5 2
2318.5 3
2320.5 1
2322.5 3
2323.5 3
2324.5 3
2325.5 4
2326.5 2
2327.5 2
2329.5 1
2330.5 5
2331.5 2
2332.5 1
2333.5 3
2334.5 1
2335.5 1
2337.5 3
2338.5 2
2340.5 4
2342.5 2
2345.5 1
2347.5 1
2348.5 1
2349.5 1
2353.5 2
2355.5 1
2356.5 3
2357.5 1
2358.5 1
2359.5 4
2360.5 1
2362.5 1
2363.5 1
2364.5 1
2365.5 3
2366.5 3
2367.5 1
2368.5 3
2369.5 1
2370.5 2
2371.5 1
2372.5 3
2373.5 2
2374.5 2
2375.5 3
2376.5 4
2377.5 6
2378.5 2
2379.5 1
2380.5 3
2381.5 4
2382.5 3
2383.5 6
2384.5 5
2385.5 6
2386.5 7
2387.5 6
2388.5 4
2389.5 8
2390.5 6
2391.5 10
2392.5 10
2393.5 19
2394.5 16
2395.5 12
2396.5 19
2397.5 13
2398.5 15
2399.5 13
2400.5 19
2401.5 20
2402.5 8
2403.5 10
2404.5 9
2405.5 14
2406.5 14
2407.5 15
2408.5 16
2409.5 7
2410.5 6
2411.5 11
2412.5 11
2413.5 2
2414.5 3
2415.5 3
2416.5 3
2417.5 1
2418.5 4
2419.5 2
2420.5 1
2421.5 2
2422.5 3
2423.5 2
2424.5 1
2425.5 3
2426.5 4
2427.5 1
2428.5 2
2429.5 2
2430.5 2
2431.5 1
2432.5 1
2433.5 2
2434.5 4
2435.5 2
2436.5 2
2437.5 2
2438.5 3
2439.5 2
2440.5 1
2441.5 2
2442.5 4
2443.5 2
2444.5 5
2445.5 2
2446.5 4
2447.5 3
2448.5 4
2449.5 4
2450.5 2
2451.5 3
2452.5 5
2453.5 3
2454.5 3
2455.5 4
2456.5 6
2457.5 3
2458.5 8
2459.5 3
2460.5 11
2461.5 6
2462.5 6
2463.5 9
2464.5 3
2465.5 9
2466.5 7
2467.5 7
2468.5 5
2469.5 7
2470.5 4
2471.5 7
2472.5 4
2473.5 4
2474.5 7
2475.5 1
2476.5 9
2477.5 4
2478.5 4
2479.5 3
2480.5 5
2481.5 7
2482.5 5
2483.5 6
2484.5 4
2485.5 6
2486.5 6
2487.5 5
2488.5 3
2489.5 2
2490.5 12
2491.5 4
2492.5 3
2493.5 3
2494.5 6
2495.5 4
2496.5 3
2497.5 3
2498.5 4
2499.5 8
2500.5 8
2501.5 2
2502.5 9
2503.5 8
2504.5 2
2505.5 6
2506.5 6
2507.5 5
2508.5 3
2509.5 5
2510.5 4
2511.5 1
2512.5 5
2513.5 4
2514.5 4
2515.5 10
2516.5 35
2517.5 2
2518.5 2
