0.5 156
25.5 2
28.5 2
30.5 2
31.5 1
32.5 1
33.5 1
35.5 2
37.5 3
38.5 2
39.5 1
41.5 1
42.5 4
43.5 3
44.5 1
45.5 3
46.5 2
47.5 3
49.5 1
50.5 2
51.5 3
52.5 2
53.5 1
54.5 2
55.5 2
57.5 2
58.5 2
59.5 1
60.5 1
62.5 4
64.5 3
65.5 6
66.5 2
67.5 3
71.5 1
72.5 1
73.5 1
77.5 2
78.5 2
79.5 2
82.5 1
83.5 4
84.5 1
85.5 4
86.5 2
88.5 3
89.5 4
90.5 8
91.5 2
92.5 5
93.5 3
94.5 8
95.5 5
96.5 4
97.5 4
98.5 1
100.5 1
101.5 2
103.5 7
105.5 1
106.5 2
107.5 1
108.5 1
110.5 1
111.5 1
112.5 2
113.5 4
114.5 3
115.5 1
121.5 1
122.5 1
123.5 3
124.5 1
125.5 2
129.5 2
130.5 3
132.5 3
133.5 3
134.5 2
135.5 1
136.5 1
137.5 2
138.5 4
139.5 3
140.5 2
141.5 3
142.5 6
143.5 2
144.5 1
145.5 1
147.5 1
148.5 2
149.5 3
150.5 1
151.5 1
152.5 2
154.5 1
155.5 4
156.5 3
157.5 2
158.5 3
160.5 2
162.5 1
163.5 1
164.5 1
167.5 1
168.5 2
172.5 1
173.5 1
175.5 1
177.5 1
181.5 1
182.5 1
183.5 1
184.5 2
186.5 2
188.5 1
190.5 1
193.5 2
194.5 1
198.5 2
201.5 1
202.5 2
203.5 3
204.5 1
205.5 2
206.5 2
207.5 1
208.5 3
209.5 2
210.5 3
212.5 1
213.5 2
214.5 2
215.5 2
217.5 2
218.5 1
219.5 2
224.5 2
225.5 1
232.5 1
238.5 3
242.5 1
247.5 1
250.5 1
253.5 1
254.5 1
255.5 1
256.5 1
257.5 1
258.5 1
259.5 1
260.5 1
261.5 3
262.5 3
263.5 3
264.5 3
265.5 2
267.5 1
268.5 2
269.5 3
271.5 2
273.5 1
274.5 1
276.5 2
279.5 1
282.5 1
289.5 1
292.5 1
293.5 1
298.5 1
303.5 1
305.5 1
308.5 2
311.5 1
313.5 1
316.5 1
317.5 1
318.5 1
319.5 1
320.5 3
322.5 1
324.5 1
325.5 5
326.5 3
327.5 3
328.5 2
329.5 3
330.5 4
331.5 9
332.5 7
333.5 3
334.5 4
335.5 3
336.5 6
337.5 1
338.5 3
339.5 1
340.5 2
341.5 1
342.5 5
343.5 1
344.5 4
345.5 2
346.5 4
347.5 1
348.5 3
350.5 3
352.5 1
354.5 2
355.5 1
356.5 1
358.5 1
363.5 2
365.5 2
366.5 2
369.5 1
370.5 2
371.5 1
373.5 1
374.5 1
375.5 1
376.5 2
378.5 1
380.5 1
382.5 2
383.5 2
384.5 2
387.5 2
390.5 1
391.5 2
392.5 1
395.5 1
396.5 1
398.5 1
399.5 1
402.5 2
403.5 1
408.5 1
409.5 1
410.5 1
411.5 1
413.5 3
415.5 2
416.5 1
417.5 1
422.5 3
425.5 1
428.5 1
430.5 1
434.5 1
438.5 1
443.5 1
446.5 3
448.5 1
450.5 1
452.5 1
463.5 1
464.5 1
469.5 2
470.5 3
472.5 1
473.5 1
481.5 2
482.5 1
485.5 2
486.5 1
488.5 3
490.5 3
491.5 3
492.5 1
493.5 1
494.5 1
496.5 1
498.5 1
499.5 1
501.5 1
502.5 2
503.5 6
504.5 2
505.5 1
506.5 1
507.5 1
508.5 3
510.5 1
513.5 1
515.5 1
516.5 2
518.5 1
519.5 1
520.5 1
521.5 2
522.5 1
523.5 2
524.5 4
525.5 1
526.5 1
527.5 1
529.5 4
530.5 7
531.5 2
532.5 3
533.5 3
534.5 4
535.5 3
536.5 6
537.5 5
538.5 5
539.5 5
540.5 1
541.5 3
543.5 3
544.5 1
545.5 2
546.5 2
548.5 3
549.5 2
553.5 1
554.5 1
555.5 1
557.5 1
558.5 1
562.5 1
564.5 1
565.5 1
568.5 1
578.5 1
582.5 1
586.5 1
595.5 3
596.5 2
598.5 1
601.5 1
603.5 1
604.5 1
609.5 1
611.5 1
612.5 1
613.5 2
614.5 3
616.5 3
617.5 1
618.5 1
619.5 4
620.5 2
621.5 3
622.5 3
623.5 4
624.5 4
625.5 2
626.5 2
627.5 5
628.5 4
629.5 3
630.5 3
631.5 1
633.5 1
634.5 2
636.5 1
641.5 1
643.5 1
645.5 1
646.5 1
647.5 1
649.5 2
650.5 2
651.5 1
652.5 1
655.5 2
659.5 1
664.5 1
665.5 1
666.5 1
667.5 1
669.5 1
672.5 1
673.5 1
674.5 1
676.5 1
677.5 1
678.5 5
680.5 2
681.5 1
682.5 1
683.5 5
684.5 1
685.5 5
686.5 3
687.5 1
688.5 2
689.5 1
690.5 3
692.5 1
693.5 2
694.5 2
695.5 2
696.5 2
697.5 1
702.5 2
705.5 1
706.5 1
707.5 2
708.5 1
709.5 1
710.5 2
711.5 2
715.5 1
717.5 1
723.5 1
725.5 1
727.5 1
730.5 1
734.5 1
735.5 1
736.5 1
742.5 1
743.5 1
746.5 2
747.5 1
748.5 1
749.5 1
750.5 3
751.5 1
752.5 1
753.5 4
754.5 3
755.5 4
756.5 8
757.5 9
758.5 7
759.5 4
760.5 4
761.5 4
762.5 6
763.5 7
764.5 4
765.5 11
766.5 4
767.5 4
768.5 8
769.5 5
770.5 5
771.5 6
772.5 3
773.5 2
774.5 4
775.5 1
776.5 1
778.5 2
779.5 1
780.5 1
781.5 1
782.5 1
784.5 1
786.5 1
787.5 1
788.5 2
789.5 1
791.5 1
793.5 1
794.5 4
795.5 1
796.5 2
797.5 1
798.5 4
799.5 3
800.5 4
802.5 3
803.5 2
804.5 4
805.5 2
806.5 4
807.5 2
808.5 1
809.5 1
810.5 1
821.5 1
823.5 1
824.5 1
825.5 1
834.5 1
836.5 2
840.5 1
841.5 1
842.5 1
843.5 2
844.5 3
845.5 3
846.5 5
847.5 1
848.5 5
849.5 1
850.5 2
851.5 5
852.5 4
853.5 4
854.5 3
855.5 5
856.5 7
857.5 6
858.5 8
859.5 5
860.5 10
861.5 4
862.5 2
863.5 6
864.5 4
865.5 4
866.5 5
868.5 5
869.5 6
870.5 9
871.5 3
872.5 4
873.5 2
874.5 1
875.5 3
877.5 1
878.5 1
879.5 2
880.5 3
881.5 1
883.5 1
884.5 1
885.5 4
887.5 2
888.5 4
889.5 4
890.5 3
891.5 10
892.5 4
893.5 6
894.5 3
895.5 2
896.5 1
897.5 4
898.5 1
899.5 1
901.5 2
903.5 1
920.5 1
922.5 1
925.5 2
927.5 1
928.5 1
929.5 2
930.5 1
931.5 1
932.5 2
933.5 3
934.5 2
935.5 5
936.5 1
937.5 2
939.5 2
940.5 3
941.5 1
942.5 4
943.5 2
944.5 3
945.5 2
946.5 1
947.5 4
948.5 4
949.5 3
951.5 2
952.5 3
953.5 5
954.5 2
955.5 2
956.5 5
957.5 2
958.5 2
960.5 1
961.5 2
962.5 2
964.5 2
965.5 2
966.5 1
967.5 1
969.5 2
970.5 3
971.5 3
972.5 2
973.5 5
975.5 5
976.5 5
977.5 1
979.5 3
983.5 1
985.5 3
987.5 4
988.5 2
989.5 1
990.5 3
991.5 3
992.5 2
993.5 1
994.5 7
995.5 2
996.5 1
1000.5 3
1001.5 2
1002.5 1
1003.5 3
1004.5 2
1005.5 2
1006.5 2
1008.5 5
1009.5 2
1010.5 2
1011.5 6
1013.5 6
1014.5 4
1015.5 10
1016.5 10
1017.5 9
1018.5 10
1019.5 3
1020.5 10
1021.5 6
1022.5 12
1023.5 18
1024.5 14
1025.5 10
1026.5 14
1027.5 15
1028.5 11
1029.5 9
1030.5 7
1031.5 7
1032.5 12
1033.5 6
1034.5 2
1035.5 2
1036.5 1
1037.5 2
1043.5 1
1046.5 1
1048.5 1
1054.5 1
1055.5 1
1056.5 1
1057.5 1
1058.5 2
1060.5 4
1061.5 1
1062.5 2
1063.5 1
1064.5 1
1065.5 2
1067.5 2
1068.5 3
1069.5 8
1070.5 7
1071.5 1
1072.5 4
1073.5 4
1074.5 9
1075.5 7
1076.5 9
1077.5 6
1078.5 8
1079.5 6
1080.5 6
1081.5 4
1082.5 6
1083.5 9
1084.5 9
1085.5 9
1086.5 6
1087.5 9
1088.5 8
1090.5 3
1091.5 2
1092.5 1
1094.5 1
1095.5 2
1096.5 2
1100.5 1
1101.5 2
1102.5 4
1103.5 2
1104.5 2
1105.5 1
1106.5 3
1107.5 4
1108.5 3
1109.5 1
1110.5 3
1111.5 3
1112.5 1
1113.5 2
1114.5 2
1115.5 1
1116.5 3
1117.5 1
1119.5 2
1120.5 4
1122.5 2
1123.5 1
1124.5 1
1125.5 2
1126.5 3
1127.5 2
1129.5 1
1130.5 1
1131.5 2
1132.5 1
1133.5 4
1134.5 1
1135.5 1
1136.5 3
1138.5 2
1144.5 1
1148.5 1
1149.5 1
1150.5 4
1151.5 5
1152.5 4
1153.5 2
1154.5 4
1155.5 3
1156.5 2
1157.5 2
1158.5 3
1159.5 5
1160.5 3
1161.5 4
1162.5 2
1163.5 5
1164.5 1
1165.5 10
1166.5 7
1167.5 4
1168.5 5
1169.5 5
1170.5 9
1171.5 3
1172.5 2
1173.5 1
1176.5 1
1179.5 1
1190.5 1
1206.5 1
1210.5 1
1215.5 2
1216.5 2
1217.5 5
1218.5 4
1219.5 3
1220.5 3
1221.5 8
1222.5 1
1223.5 2
1224.5 6
1225.5 11
1226.5 1
1227.5 6
1228.5 4
1229.5 9
1230.5 5
1231.5 6
1232.5 4
1233.5 6
1234.5 8
1235.5 3
1236.5 2
1237.5 1
1248.5 1
1272.5 1
1314.5 1
1330.5 1
1340.5 1
1341.5 1
1348.5 1
1354.5 1
1357.5 1
1359.5 3
1360.5 3
1361.5 2
1362.5 1
1363.5 4
1364.5 5
1365.5 2
1366.5 1
1367.5 1
1368.5 5
1369.5 9
1370.5 6
1371.5 6
1372.5 3
1373.5 7
1374.5 4
1375.5 10
1376.5 7
1377.5 7
1378.5 5
1379.5 4
1380.5 3
1381.5 3
1382.5 5
1383.5 2
1384.5 3
1387.5 2
1388.5 2
1389.5 1
1392.5 1
1393.5 1
1397.5 1
1420.5 1
1426.5 3
1427.5 1
1429.5 1
1430.5 1
1433.5 1
1442.5 1
1451.5 1
1455.5 2
1456.5 1
1459.5 1
1460.5 1
1461.5 2
1462.5 1
1463.5 1
1465.5 1
1466.5 2
1467.5 3
1469.5 1
1470.5 3
1471.5 3
1472.5 2
1473.5 1
1474.5 3
1475.5 2
1476.5 1
1477.5 1
1479.5 1
1504.5 1
1507.5 1
1510.5 1
1512.5 1
1536.5 1
1541.5 1
1545.5 1
1548.5 1
1551.5 1
1561.5 1
1562.5 1
1564.5 1
1569.5 1
1571.5 1
1586.5 1
1587.5 1
1597.5 1
1606.5 2
1609.5 1
1610.5 1
1611.5 3
1615.5 1
1617.5 2
1628.5 1
1632.5 1
1633.5 2
1634.5 2
1635.5 1
1636.5 1
1637.5 1
1639.5 3
1640.5 1
1641.5 1
1642.5 1
1643.5 3
1644.5 1
1645.5 5
1646.5 3
1647.5 6
1648.5 9
1649.5 9
1650.5 9
1651.5 15
1652.5 15
1653.5 12
1654.5 20
1655.5 25
1656.5 26
1657.5 28
1658.5 24
1659.5 37
1660.5 48
1661.5 51
1662.5 43
1663.5 46
1664.5 86
1665.5 87
1666.5 114
1667.5 113
1668.5 114
1669.5 152
1670.5 163
1671.5 156
1672.5 168
1673.5 176
1674.5 182
1675.5 197
1676.5 206
1677.5 193
1678.5 107
1679.5 155
1680.5 136
1681.5 123
1682.5 84
1683.5 80
1684.5 74
1685.5 53
1686.5 34
1687.5 20
1688.5 11
1689.5 10
1690.5 7
1691.5 7
1692.5 2
1693.5 1
1695.5 6
1697.5 1
1698.5 1
1700.5 3
1705.5 1
1706.5 1
1707.5 1
1708.5 2
1709.5 1
1710.5 1
1711.5 3
1712.5 1
1715.5 1
1716.5 1
1717.5 2
1718.5 1
1719.5 3
1720.5 2
1721.5 3
1723.5 1
1724.5 3
1725.5 1
1726.5 2
1727.5 2
1728.5 2
1729.5 1
1731.5 3
1732.5 1
1734.5 1
1735.5 4
1738.5 1
1739.5 1
1740.5 2
1743.5 1
1744.5 1
1746.5 2
1747.5 1
1748.5 1
1749.5 4
1750.5 1
1751.5 3
1752.5 3
1753.5 1
1754.5 2
1757.5 2
1758.5 1
1760.5 2
1761.5 1
1763.5 1
1764.5 1
1765.5 3
1766.5 2
1768.5 3
1769.5 1
1770.5 4
1771.5 3
1772.5 3
1774.5 2
1775.5 3
1776.5 2
1777.5 1
1778.5 2
1779.5 2
1780.5 3
1781.5 3
1782.5 1
1783.5 2
1784.5 1
1785.5 3
1786.5 2
1787.5 4
1788.5 1
1789.5 1
1790.5 1
1791.5 1
1792.5 3
1793.5 1
1794.5 1
1796.5 2
1797.5 3
1798.5 1
1799.5 2
1800.5 1
1801.5 4
1802.5 2
1803.5 3
1804.5 6
1805.5 2
1806.5 5
1807.5 5
1808.5 5
1809.5 5
1810.5 3
1811.5 2
1812.5 5
1813.5 8
1814.5 6
1815.5 3
1816.5 2
1817.5 4
1818.5 3
1819.5 6
1820.5 6
1821.5 4
1822.5 3
1823.5 2
1824.5 9
1825.5 3
1826.5 6
1827.5 5
1828.5 5
1829.5 10
1830.5 7
1831.5 3
1832.5 3
1833.5 5
1834.5 6
1835.5 7
1836.5 4
1837.5 7
1838.5 4
1839.5 7
1840.5 12
1841.5 5
1842.5 10
1843.5 16
1844.5 17
1845.5 19
1846.5 21
1847.5 15
1848.5 28
1849.5 27
1850.5 35
1851.5 36
1852.5 30
1853.5 48
1854.5 55
1855.5 78
1856.5 73
1857.5 84
1858.5 75
1859.5 103
1860.5 127
1861.5 131
1862.5 118
1863.5 135
1864.5 210
1865.5 217
1866.5 234
1867.5 288
1868.5 309
1869.5 356
1870.5 365
1871.5 373
1872.5 387
1873.5 408
1874.5 388
1875.5 408
1876.5 380
1877.5 334
1878.5 202
1879.5 241
1880.5 244
1881.5 156
1882.5 82
1883.5 98
1884.5 90
1885.5 60
1886.5 34
1887.5 23
1888.5 21
1889.5 9
1890.5 5
1891.5 4
1892.5 3
1893.5 1
1894.5 2
1895.5 2
1896.5 1
1897.5 3
1898.5 1
1901.5 1
1903.5 1
1904.5 2
1905.5 3
1906.5 3
1907.5 1
1908.5 5
1909.5 4
1910.5 7
1911.5 7
1912.5 12
1913.5 7
1914.5 13
1915.5 14
1916.5 13
1917.5 16
1918.5 9
1919.5 15
1920.5 25
1921.5 26
1922.5 24
1923.5 32
1924.5 46
1925.5 38
1926.5 62
1927.5 50
1928.5 91
1929.5 98
1930.5 115
1931.5 128
1932.5 133
1933.5 190
1934.5 202
1935.5 236
1936.5 301
1937.5 265
1938.5 206
1939.5 312
1940.5 396
1941.5 462
1942.5 282
1943.5 417
1944.5 523
1945.5 548
1946.5 580
1947.5 604
1948.5 643
1949.5 646
1950.5 548
1951.5 559
1952.5 467
1953.5 419
1954.5 369
1955.5 308
1956.5 229
1957.5 170
1958.5 95
1959.5 83
1960.5 57
1961.5 41
1962.5 19
1963.5 16
1964.5 7
1965.5 3
1966.5 1
1967.5 1
1969.5 1
1974.5 1
1975.5 2
1976.5 1
1978.5 1
1979.5 1
1980.5 1
1981.5 2
1982.5 2
1983.5 1
1985.5 1
1986.5 3
1987.5 3
1989.5 4
1990.5 1
1991.5 1
1992.5 4
1993.5 1
1994.5 1
1995.5 1
1996.5 1
1999.5 3
2000.5 4
2001.5 1
2004.5 2
2005.5 1
2006.5 1
2007.5 5
2009.5 6
2010.5 5
2011.5 5
2012.5 8
2013.5 8
2014.5 5
2015.5 3
2016.5 16
2017.5 7
2018.5 8
2019.5 17
2020.5 27
2021.5 22
2022.5 16
2023.5 21
2024.5 21
2025.5 23
2026.5 33
2027.5 39
2028.5 40
2029.5 52
2030.5 48
2031.5 51
2032.5 51
2033.5 52
2034.5 52
2035.5 64
2036.5 49
2037.5 32
2038.5 30
2039.5 38
2040.5 37
2041.5 29
2042.5 19
2043.5 10
2044.5 26
2045.5 27
2046.5 12
2047.5 8
2048.5 11
2049.5 11
2050.5 10
2051.5 6
2052.5 7
2053.5 5
2054.5 10
2055.5 10
2056.5 5
2057.5 3
2058.5 1
2059.5 8
2060.5 2
2061.5 1
2062.5 2
2063.5 2
2064.5 3
2068.5 1
2077.5 1
2084.5 2
2086.5 1
2089.5 1
2090.5 3
2096.5 2
2100.5 1
2112.5 1
2115.5 2
2116.5 1
2117.5 1
2118.5 3
2121.5 1
2122.5 2
2123.5 1
2124.5 1
2125.5 3
2128.5 1
2129.5 1
2130.5 1
2134.5 2
2135.5 1
2136.5 2
2137.5 2
2138.5 2
2139.5 3
2143.5 1
2144.5 1
2145.5 1
2146.5 1
2151.5 2
2153.5 1
2155.5 4
2157.5 4
2158.5 1
2159.5 1
2160.5 1
2161.5 1
2163.5 3
2164.5 3
2165.5 7
2166.5 2
2167.5 2
2168.5 11
2169.5 5
2170.5 3
2171.5 3
2172.5 1
2173.5 6
2174.5 1
2175.5 1
2177.5 3
2178.5 1
2181.5 1
2185.5 1
2189.5 1
2196.5 1
2214.5 1
2234.5 1
2239.5 1
2244.5 1
2245.5 1
2252.5 2
2260.5 1
2266.5 1
2267.5 1
2269.5 1
2270.5 2
2271.5 2
2272.5 1
2274.5 2
2276.5 2
2279.5 2
2280.5 3
2281.5 1
2282.5 5
2283.5 1
2284.5 5
2285.5 2
2286.5 1
2287.5 1
2288.5 5
2289.5 1
2290.5 3
2291.5 5
2292.5 2
2293.5 3
2294.5 2
2295.5 1
2296.5 4
2297.5 5
2298.5 3
2299.5 3
2300.5 4
2301.5 1
2302.5 3
2303.5 1
2304.5 5
2305.5 2
2306.5 1
2307.5 4
2308.5 3
2310.5 2
2311.5 2
2313.5 1
2321.5 1
2327.5 1
2328.5 2
2335.5 1
2340.5 2
2341.5 1
2342.5 2
2343.5 2
2345.5 3
2346.5 2
2347.5 1
2348.5 3
2349.5 2
2350.5 4
2351.5 2
2352.5 5
2353.5 5
2354.5 7
2355.5 5
2356.5 11
2357.5 6
2358.5 9
2359.5 8
2360.5 6
2361.5 5
2362.5 5
2363.5 5
2364.5 7
2365.5 7
2366.5 8
2367.5 8
2368.5 9
2369.5 6
2370.5 3
2371.5 1
2372.5 2
2374.5 1
2379.5 1
2394.5 1
2395.5 1
2396.5 1
2400.5 2
2403.5 1
2404.5 2
2405.5 1
2407.5 1
2409.5 1
2410.5 1
2411.5 1
2412.5 4
2413.5 7
2414.5 5
2415.5 2
2416.5 6
2417.5 2
2418.5 7
2419.5 3
2420.5 4
2421.5 2
2422.5 5
2423.5 2
2424.5 6
2425.5 5
2426.5 5
2427.5 11
2428.5 3
2429.5 2
2430.5 1
2431.5 3
2432.5 2
2433.5 2
2434.5 1
2437.5 1
2441.5 1
2445.5 1
2452.5 1
2455.5 2
2466.5 1
2468.5 1
2469.5 1
2471.5 1
2478.5 1
2481.5 2
2484.5 1
2485.5 3
2486.5 4
2488.5 2
2489.5 4
2490.5 3
2491.5 1
2493.5 3
2494.5 2
2495.5 2
2496.5 1
2498.5 1
2499.5 1
2500.5 1
2503.5 1
2505.5 1
2513.5 2
2516.5 2
