0.5 33
23.5 3
25.5 1
26.5 1
29.5 3
30.5 1
31.5 1
32.5 1
33.5 2
35.5 1
39.5 2
42.5 3
46.5 2
47.5 1
52.5 1
53.5 1
54.5 1
60.5 2
61.5 1
63.5 2
64.5 3
65.5 1
66.5 1
67.5 1
68.5 1
76.5 1
77.5 1
79.5 1
80.5 1
82.5 2
84.5 1
86.5 1
87.5 1
89.5 3
93.5 1
96.5 1
99.5 1
100.5 1
101.5 1
103.5 1
104.5 1
107.5 1
110.5 1
112.5 1
116.5 1
121.5 1
124.5 1
127.5 1
134.5 1
137.5 1
142.5 1
144.5 1
145.5 1
146.5 1
147.5 1
150.5 1
157.5 1
158.5 1
166.5 1
167.5 1
169.5 2
170.5 1
172.5 1
174.5 1
175.5 1
176.5 3
179.5 2
182.5 1
184.5 1
185.5 2
192.5 1
193.5 1
196.5 1
198.5 1
201.5 1
206.5 1
208.5 1
211.5 2
213.5 2
214.5 1
218.5 1
222.5 1
223.5 1
224.5 1
231.5 1
236.5 1
242.5 1
246.5 1
248.5 1
250.5 1
253.5 1
255.5 1
258.5 1
260.5 1
261.5 1
265.5 1
275.5 1
276.5 2
277.5 1
280.5 1
281.5 1
286.5 1
289.5 1
290.5 1
294.5 2
295.5 1
301.5 1
302.5 1
303.5 1
308.5 1
318.5 2
319.5 1
320.5 2
321.5 1
322.5 2
342.5 1
343.5 1
346.5 1
347.5 2
351.5 1
355.5 1
361.5 1
369.5 1
371.5 1
386.5 1
388.5 1
389.5 1
390.5 1
391.5 1
398.5 1
401.5 1
404.5 2
410.5 1
414.5 1
415.5 1
422.5 1
432.5 1
433.5 1
436.5 1
437.5 1
438.5 1
442.5 1
443.5 1
444.5 1
455.5 1
456.5 2
457.5 1
458.5 1
460.5 1
464.5 1
466.5 1
468.5 1
478.5 1
486.5 1
487.5 1
494.5 1
495.5 1
498.5 2
504.5 1
505.5 3
506.5 1
509.5 1
511.5 2
512.5 1
513.5 1
516.5 1
519.5 1
522.5 1
525.5 1
529.5 1
530.5 1
531.5 1
536.5 1
544.5 1
547.5 1
556.5 1
557.5 2
558.5 4
559.5 1
564.5 2
566.5 1
568.5 1
572.5 1
574.5 3
576.5 2
577.5 1
578.5 1
583.5 1
587.5 1
592.5 2
593.5 1
595.5 1
596.5 1
598.5 1
601.5 3
602.5 2
603.5 1
605.5 1
606.5 1
607.5 1
609.5 2
612.5 1
613.5 1
614.5 2
615.5 2
622.5 1
623.5 2
624.5 1
625.5 1
629.5 3
630.5 2
633.5 1
635.5 1
636.5 1
639.5 2
641.5 1
642.5 1
643.5 1
650.5 1
653.5 1
655.5 1
670.5 1
673.5 1
678.5 1
680.5 2
683.5 1
684.5 2
689.5 1
693.5 1
695.5 1
696.5 2
699.5 2
702.5 1
705.5 1
707.5 1
723.5 1
726.5 1
727.5 2
728.5 1
730.5 1
733.5 1
735.5 1
739.5 1
745.5 1
748.5 1
749.5 1
751.5 1
752.5 1
755.5 1
758.5 2
761.5 1
762.5 1
763.5 3
765.5 1
769.5 1
773.5 1
780.5 2
784.5 1
785.5 2
788.5 1
800.5 1
804.5 2
805.5 1
811.5 2
812.5 2
813.5 1
817.5 1
820.5 1
822.5 2
823.5 1
825.5 1
828.5 3
830.5 1
831.5 3
832.5 1
833.5 1
834.5 2
836.5 2
837.5 2
838.5 1
840.5 1
843.5 1
844.5 1
851.5 1
853.5 1
857.5 1
860.5 1
865.5 1
867.5 2
869.5 2
873.5 1
874.5 1
876.5 1
877.5 1
879.5 1
881.5 1
882.5 2
883.5 1
885.5 1
886.5 2
889.5 2
890.5 1
891.5 1
892.5 2
894.5 1
895.5 1
898.5 2
904.5 1
905.5 1
906.5 1
911.5 1
913.5 1
920.5 1
923.5 1
932.5 1
935.5 2
936.5 1
947.5 1
952.5 1
953.5 2
954.5 1
964.5 2
965.5 1
966.5 1
968.5 1
969.5 2
970.5 1
971.5 1
972.5 1
973.5 1
975.5 1
981.5 1
982.5 1
983.5 2
985.5 2
986.5 1
987.5 2
988.5 1
989.5 3
991.5 4
992.5 1
993.5 1
994.5 1
995.5 4
997.5 1
999.5 1
1002.5 2
1003.5 1
1005.5 1
1006.5 1
1015.5 1
1019.5 2
1020.5 2
1021.5 1
1023.5 5
1024.5 2
1025.5 2
1026.5 1
1027.5 3
1029.5 1
1030.5 1
1040.5 1
1043.5 1
1044.5 1
1046.5 2
1047.5 4
1048.5 2
1050.5 2
1055.5 1
1056.5 1
1057.5 1
1058.5 1
1059.5 1
1061.5 1
1062.5 1
1070.5 1
1072.5 2
1074.5 2
1075.5 1
1076.5 1
1077.5 2
1078.5 1
1084.5 1
1087.5 1
1088.5 1
1089.5 1
1090.5 1
1091.5 1
1093.5 1
1096.5 1
1097.5 2
1100.5 1
1101.5 1
1103.5 1
1104.5 2
1105.5 1
1114.5 2
1115.5 2
1116.5 1
1118.5 1
1120.5 2
1121.5 1
1122.5 1
1127.5 4
1132.5 2
1134.5 2
1136.5 1
1142.5 2
1143.5 3
1144.5 1
1146.5 2
1147.5 1
1148.5 3
1150.5 1
1151.5 2
1152.5 3
1153.5 1
1158.5 1
1160.5 1
1168.5 1
1169.5 1
1172.5 1
1177.5 1
1178.5 1
1181.5 1
1182.5 1
1183.5 1
1184.5 1
1186.5 1
1188.5 2
1192.5 2
1197.5 1
1198.5 1
1199.5 1
1203.5 1
1204.5 1
1208.5 1
1209.5 1
1213.5 1
1214.5 5
1215.5 1
1216.5 1
1217.5 1
1219.5 1
1220.5 2
1223.5 5
1228.5 2
1230.5 1
1232.5 2
1234.5 4
1235.5 5
1236.5 2
1237.5 3
1239.5 2
1242.5 5
1243.5 2
1244.5 2
1245.5 6
1247.5 2
1248.5 4
1249.5 6
1250.5 1
1251.5 3
1252.5 1
1253.5 3
1254.5 3
1255.5 1
1256.5 2
1257.5 5
1258.5 1
1259.5 2
1260.5 1
1263.5 1
1265.5 2
1266.5 1
1269.5 1
1270.5 1
1271.5 3
1272.5 4
1274.5 2
1275.5 1
1276.5 2
1277.5 3
1278.5 2
1279.5 1
1280.5 2
1281.5 1
1282.5 1
1283.5 1
1284.5 1
1285.5 2
1286.5 1
1288.5 2
1290.5 3
1291.5 1
1292.5 1
1294.5 1
1295.5 1
1296.5 1
1297.5 1
1298.5 1
1301.5 1
1302.5 2
1304.5 2
1305.5 1
1307.5 1
1309.5 1
1312.5 1
1317.5 2
1323.5 1
1324.5 1
1325.5 1
1327.5 1
1330.5 1
1332.5 1
1333.5 1
1334.5 1
1338.5 2
1342.5 1
1350.5 1
1376.5 1
1378.5 1
1380.5 1
1390.5 4
1391.5 1
1393.5 1
1394.5 1
1395.5 1
1396.5 3
1397.5 1
1398.5 3
1399.5 3
1400.5 3
1401.5 3
1402.5 3
1403.5 3
1404.5 3
1405.5 4
1406.5 2
1407.5 7
1408.5 3
1409.5 2
1410.5 1
1411.5 10
1412.5 3
1413.5 4
1414.5 3
1415.5 4
1416.5 6
1417.5 2
1418.5 1
1419.5 1
1421.5 1
1428.5 1
1437.5 1
1440.5 2
1446.5 1
1447.5 2
1449.5 2
1450.5 1
1455.5 1
1458.5 1
1462.5 1
1464.5 1
1465.5 1
1468.5 1
1474.5 2
1476.5 2
1477.5 1
1479.5 1
1484.5 2
1485.5 1
1486.5 1
1490.5 1
1491.5 1
1493.5 1
1496.5 2
1500.5 1
1507.5 1
1508.5 1
1510.5 2
1512.5 1
1513.5 2
1516.5 1
1517.5 2
1520.5 1
1522.5 2
1523.5 1
1524.5 2
1527.5 2
1529.5 3
1532.5 1
1536.5 2
1537.5 2
1539.5 1
1541.5 1
1542.5 1
1544.5 4
1545.5 1
1546.5 1
1547.5 2
1548.5 1
1549.5 1
1550.5 1
1551.5 1
1552.5 1
1553.5 1
1554.5 1
1555.5 1
1557.5 2
1558.5 1
1560.5 1
1567.5 1
1569.5 1
1570.5 2
1572.5 1
1575.5 4
1576.5 1
1577.5 3
1578.5 1
1579.5 1
1580.5 1
1581.5 1
1582.5 1
1584.5 3
1585.5 2
1587.5 3
1588.5 3
1589.5 2
1590.5 1
1591.5 4
1592.5 2
1593.5 3
1594.5 4
1595.5 2
1596.5 3
1597.5 4
1598.5 1
1599.5 2
1600.5 2
1601.5 5
1602.5 5
1603.5 2
1604.5 6
1605.5 7
1606.5 4
1607.5 3
1608.5 5
1609.5 2
1610.5 1
1611.5 5
1612.5 1
1613.5 3
1614.5 3
1615.5 6
1616.5 3
1617.5 2
1618.5 2
1619.5 4
1620.5 9
1621.5 4
1622.5 4
1623.5 6
1624.5 5
1625.5 3
1627.5 2
1628.5 1
1629.5 2
1630.5 2
1631.5 1
1632.5 2
1634.5 1
1663.5 1
1673.5 1
1690.5 1
1700.5 1
1708.5 1
1709.5 1
1710.5 1
1716.5 1
1729.5 1
1732.5 1
1736.5 1
1745.5 1
1749.5 2
1752.5 1
1756.5 1
1763.5 1
1764.5 1
1766.5 1
1767.5 1
1772.5 3
1773.5 1
1775.5 3
1780.5 1
1781.5 1
1783.5 2
1784.5 3
1785.5 5
1786.5 2
1787.5 3
1789.5 1
1790.5 6
1791.5 2
1792.5 3
1793.5 2
1794.5 2
1795.5 7
1796.5 4
1797.5 9
1798.5 7
1799.5 5
1800.5 6
1801.5 4
1802.5 4
1803.5 4
1804.5 6
1805.5 7
1806.5 6
1807.5 4
1808.5 2
1809.5 3
1810.5 4
1811.5 2
1814.5 1
1816.5 1
1817.5 2
1820.5 2
1822.5 1
1823.5 2
1824.5 1
1825.5 3
1826.5 1
1827.5 1
1828.5 1
1829.5 2
1830.5 6
1831.5 2
1832.5 2
1833.5 4
1834.5 2
1835.5 6
1836.5 1
1837.5 3
1838.5 5
1839.5 5
1840.5 5
1841.5 8
1842.5 6
1843.5 11
1844.5 6
1845.5 11
1846.5 7
1847.5 5
1848.5 5
1849.5 7
1850.5 3
1851.5 2
1852.5 3
1853.5 1
1858.5 2
1859.5 1
1861.5 1
1863.5 1
1864.5 1
1865.5 1
1866.5 1
1867.5 3
1868.5 2
1869.5 2
1870.5 1
1871.5 1
1872.5 1
1873.5 3
1874.5 1
1876.5 1
1877.5 4
1878.5 3
1879.5 4
1880.5 2
1881.5 2
1883.5 3
1884.5 2
1885.5 1
1887.5 2
1889.5 3
1892.5 1
1895.5 2
1899.5 1
1902.5 1
1903.5 1
1904.5 1
1905.5 1
1906.5 4
1907.5 2
1910.5 3
1912.5 1
1913.5 1
1914.5 1
1915.5 2
1919.5 1
1925.5 1
1927.5 1
1928.5 3
1932.5 1
1933.5 3
1934.5 1
1935.5 1
1936.5 1
1937.5 5
1938.5 2
1939.5 2
1940.5 3
1941.5 1
1942.5 4
1943.5 6
1944.5 4
1945.5 3
1946.5 10
1947.5 4
1948.5 4
1949.5 2
1950.5 1
1951.5 1
1952.5 3
1953.5 3
1954.5 3
1965.5 1
1979.5 1
1984.5 1
1991.5 1
1992.5 1
1993.5 1
2000.5 1
2009.5 1
2010.5 4
2011.5 1
2012.5 5
2013.5 2
2014.5 3
2015.5 2
2016.5 1
2017.5 3
2018.5 4
2019.5 5
2020.5 9
2021.5 7
2022.5 2
2023.5 8
2024.5 4
2025.5 2
2026.5 9
2027.5 15
2028.5 9
2029.5 12
2030.5 16
2031.5 18
2032.5 18
2033.5 14
2034.5 18
2035.5 31
2036.5 24
2037.5 23
2038.5 27
2039.5 25
2040.5 35
2041.5 32
2042.5 40
2043.5 37
2044.5 43
2045.5 44
2046.5 50
2047.5 30
2048.5 45
2049.5 35
2050.5 32
2051.5 13
2052.5 20
2053.5 11
2054.5 7
2055.5 4
2056.5 2
2061.5 1
2064.5 1
2065.5 1
2070.5 1
2072.5 1
2073.5 1
2074.5 1
2076.5 3
2077.5 1
2079.5 2
2081.5 3
2082.5 3
2083.5 1
2084.5 3
2085.5 1
2086.5 2
2087.5 2
2088.5 2
2089.5 4
2090.5 3
2091.5 2
2092.5 2
2093.5 4
2094.5 3
2095.5 1
2096.5 6
2097.5 2
2098.5 4
2099.5 3
2100.5 2
2101.5 2
2102.5 2
2103.5 4
2104.5 6
2105.5 6
2106.5 4
2107.5 6
2108.5 2
2109.5 2
2110.5 3
2111.5 3
2112.5 4
2113.5 5
2114.5 4
2115.5 4
2116.5 3
2117.5 5
2118.5 2
2119.5 7
2120.5 9
2121.5 4
2122.5 5
2123.5 11
2124.5 9
2125.5 5
2126.5 11
2127.5 13
2128.5 9
2129.5 7
2130.5 21
2131.5 20
2132.5 15
2133.5 10
2134.5 5
2135.5 9
2136.5 8
2137.5 4
2138.5 3
2139.5 2
2140.5 3
2141.5 1
2144.5 1
2188.5 2
2192.5 1
2194.5 1
2197.5 1
2200.5 1
2203.5 1
2204.5 1
2205.5 2
2208.5 2
2210.5 3
2211.5 2
2212.5 1
2213.5 1
2214.5 8
2215.5 1
2216.5 4
2217.5 5
2218.5 5
2219.5 4
2220.5 5
2221.5 2
2222.5 6
2223.5 8
2224.5 4
2225.5 10
2226.5 12
2227.5 12
2228.5 14
2229.5 16
2230.5 10
2231.5 16
2232.5 13
2233.5 19
2234.5 14
2235.5 15
2236.5 21
2237.5 10
2238.5 9
2239.5 11
2240.5 14
2241.5 8
2242.5 11
2243.5 15
2244.5 19
2245.5 24
2246.5 25
2247.5 20
2248.5 37
2249.5 34
2250.5 36
2251.5 45
2252.5 48
2253.5 48
2254.5 75
2255.5 81
2256.5 79
2257.5 88
2258.5 82
2259.5 83
2260.5 122
2261.5 123
2262.5 106
2263.5 144
2264.5 139
2265.5 172
2266.5 165
2267.5 167
2268.5 167
2269.5 165
2270.5 127
2271.5 134
2272.5 113
2273.5 102
2274.5 61
2275.5 43
2276.5 36
2277.5 26
2278.5 19
2279.5 7
2280.5 9
2281.5 2
2282.5 4
2283.5 2
2284.5 1
2290.5 2
2296.5 1
2299.5 1
2303.5 1
2304.5 1
2307.5 1
2308.5 1
2324.5 1
2325.5 1
2342.5 2
2343.5 1
2347.5 1
2349.5 1
2351.5 1
2353.5 1
2354.5 2
2370.5 2
2374.5 1
2375.5 2
2377.5 1
2378.5 1
2381.5 1
2384.5 1
2386.5 2
2389.5 1
2390.5 1
2396.5 1
2399.5 1
2402.5 1
2403.5 1
2405.5 1
2407.5 1
2408.5 1
2410.5 1
2411.5 1
2415.5 1
