0.5 1567
14.5 1
15.5 4
16.5 3
17.5 12
18.5 18
19.5 16
20.5 35
21.5 31
22.5 30
23.5 33
24.5 32
25.5 17
26.5 25
27.5 12
28.5 7
29.5 4
30.5 6
31.5 13
32.5 11
33.5 12
34.5 7
35.5 12
36.5 13
37.5 7
38.5 9
39.5 9
40.5 9
41.5 12
42.5 8
43.5 8
44.5 8
45.5 8
46.5 11
47.5 11
48.5 9
49.5 13
50.5 7
51.5 12
52.5 16
53.5 18
54.5 15
55.5 18
56.5 14
57.5 17
58.5 22
59.5 24
60.5 27
61.5 21
62.5 22
63.5 29
64.5 21
65.5 20
66.5 30
67.5 20
68.5 18
69.5 34
70.5 30
71.5 31
72.5 21
73.5 28
74.5 29
75.5 31
76.5 33
77.5 29
78.5 27
79.5 35
80.5 27
81.5 33
82.5 19
83.5 17
84.5 20
85.5 24
86.5 20
87.5 22
88.5 18
89.5 15
90.5 14
91.5 10
92.5 16
93.5 10
94.5 11
95.5 12
96.5 7
97.5 15
98.5 11
99.5 12
100.5 10
101.5 13
102.5 10
103.5 14
104.5 22
105.5 23
106.5 23
107.5 26
108.5 26
109.5 27
110.5 27
111.5 40
112.5 35
113.5 45
114.5 33
115.5 49
116.5 66
117.5 58
118.5 69
119.5 68
120.5 85
121.5 86
122.5 86
123.5 111
124.5 117
125.5 130
126.5 117
127.5 153
128.5 162
129.5 146
130.5 147
131.5 142
132.5 158
133.5 132
134.5 124
135.5 135
136.5 85
137.5 109
138.5 78
139.5 70
140.5 58
141.5 48
142.5 53
143.5 42
144.5 41
145.5 39
146.5 29
147.5 29
148.5 20
149.5 18
150.5 18
151.5 10
152.5 6
153.5 9
154.5 13
155.5 13
156.5 9
157.5 10
158.5 5
159.5 12
160.5 11
161.5 13
162.5 8
163.5 7
164.5 8
165.5 8
166.5 7
167.5 8
168.5 9
169.5 8
170.5 3
171.5 9
172.5 6
173.5 2
174.5 4
175.5 4
176.5 4
177.5 2
178.5 8
179.5 5
180.5 7
181.5 2
182.5 2
183.5 6
184.5 5
185.5 4
186.5 8
187.5 9
188.5 8
189.5 5
190.5 6
191.5 6
192.5 7
193.5 13
194.5 7
195.5 9
196.5 12
197.5 9
198.5 8
199.5 2
200.5 6
201.5 12
202.5 9
203.5 7
204.5 9
205.5 10
206.5 10
207.5 9
208.5 8
209.5 6
210.5 10
211.5 12
212.5 13
213.5 9
214.5 11
215.5 8
216.5 9
217.5 14
218.5 18
219.5 11
220.5 10
221.5 16
222.5 12
223.5 14
224.5 8
225.5 11
226.5 6
227.5 13
228.5 6
229.5 16
230.5 10
231.5 7
232.5 19
233.5 10
234.5 10
235.5 9
236.5 12
237.5 9
238.5 11
239.5 14
240.5 9
241.5 11
242.5 11
243.5 20
244.5 10
245.5 13
246.5 18
247.5 20
248.5 14
249.5 19
250.5 18
251.5 23
252.5 21
253.5 13
254.5 31
255.5 33
256.5 29
257.5 32
258.5 39
259.5 43
260.5 65
261.5 58
262.5 83
263.5 63
264.5 98
265.5 104
266.5 134
267.5 121
268.5 134
269.5 143
270.5 163
271.5 171
272.5 206
273.5 205
274.5 207
275.5 232
276.5 236
277.5 225
278.5 230
279.5 189
280.5 178
281.5 151
282.5 123
283.5 127
284.5 83
285.5 58
286.5 45
287.5 37
288.5 29
289.5 23
290.5 13
291.5 7
292.5 4
293.5 3
294.5 3
295.5 10
296.5 3
297.5 7
298.5 7
299.5 10
300.5 7
301.5 6
302.5 13
303.5 10
304.5 11
305.5 11
306.5 10
307.5 14
308.5 17
309.5 21
310.5 15
311.5 17
312.5 21
313.5 27
314.5 24
315.5 33
316.5 44
317.5 52
318.5 47
319.5 47
320.5 47
321.5 46
322.5 54
323.5 56
324.5 49
325.5 51
326.5 45
327.5 31
328.5 29
329.5 25
330.5 18
331.5 12
332.5 6
333.5 3
334.5 3
335.5 9
336.5 3
337.5 5
338.5 4
339.5 5
340.5 4
341.5 3
342.5 2
343.5 1
344.5 5
345.5 2
346.5 3
347.5 3
348.5 6
349.5 4
350.5 4
351.5 4
352.5 5
353.5 7
354.5 2
355.5 5
356.5 4
357.5 6
358.5 2
359.5 4
360.5 3
361.5 4
362.5 7
363.5 10
364.5 9
365.5 5
366.5 5
367.5 11
368.5 6
369.5 1
370.5 1
371.5 5
372.5 4
373.5 6
375.5 3
377.5 1
378.5 1
379.5 2
380.5 4
381.5 4
382.5 3
383.5 2
384.5 2
385.5 7
386.5 4
387.5 4
388.5 3
389.5 3
390.5 1
391.5 3
392.5 4
393.5 5
394.5 3
395.5 1
396.5 3
397.5 4
398.5 3
399.5 1
400.5 2
402.5 1
404.5 1
407.5 2
410.5 1
411.5 1
412.5 1
413.5 1
414.5 1
419.5 1
420.5 1
421.5 1
423.5 1
426.5 1
428.5 1
429.5 3
430.5 1
432.5 3
433.5 1
435.5 1
436.5 1
437.5 3
438.5 3
439.5 2
440.5 3
442.5 2
443.5 1
444.5 2
445.5 3
446.5 2
447.5 2
448.5 3
450.5 3
451.5 3
452.5 4
453.5 6
454.5 6
455.5 3
456.5 5
457.5 3
458.5 3
459.5 2
460.5 6
461.5 11
462.5 7
463.5 15
464.5 11
465.5 8
466.5 15
467.5 9
468.5 21
469.5 5
470.5 14
471.5 21
472.5 16
473.5 21
474.5 29
475.5 31
476.5 36
477.5 40
478.5 43
479.5 44
480.5 51
481.5 56
482.5 56
483.5 78
484.5 74
485.5 103
486.5 126
487.5 133
488.5 149
489.5 145
490.5 127
491.5 190
492.5 157
493.5 167
494.5 142
495.5 135
496.5 159
497.5 132
498.5 105
499.5 96
500.5 76
501.5 59
502.5 56
503.5 43
504.5 33
505.5 21
506.5 18
507.5 14
508.5 11
509.5 4
510.5 8
511.5 8
512.5 6
513.5 10
514.5 15
515.5 14
516.5 14
517.5 10
518.5 11
519.5 12
520.5 13
521.5 19
522.5 18
523.5 25
524.5 27
525.5 28
526.5 27
527.5 24
528.5 36
529.5 27
530.5 38
531.5 24
532.5 21
533.5 18
534.5 15
535.5 22
536.5 17
537.5 7
538.5 3
539.5 7
540.5 3
541.5 2
542.5 7
543.5 5
544.5 1
545.5 7
546.5 4
547.5 5
548.5 7
549.5 6
550.5 9
551.5 3
552.5 8
553.5 6
554.5 7
555.5 10
556.5 6
557.5 6
558.5 6
559.5 1
560.5 2
561.5 3
562.5 8
563.5 5
564.5 2
565.5 1
566.5 3
567.5 3
568.5 2
569.5 4
570.5 3
571.5 6
572.5 1
573.5 3
574.5 2
575.5 1
576.5 6
577.5 4
578.5 6
579.5 5
580.5 9
581.5 4
582.5 7
583.5 1
584.5 2
585.5 4
586.5 4
587.5 4
588.5 4
589.5 7
590.5 12
591.5 12
592.5 9
593.5 11
594.5 10
595.5 17
596.5 13
597.5 16
598.5 22
599.5 14
600.5 20
601.5 18
602.5 11
603.5 14
604.5 3
605.5 7
606.5 2
607.5 5
609.5 4
610.5 2
612.5 5
613.5 3
615.5 1
616.5 1
617.5 1
619.5 3
620.5 4
622.5 1
623.5 1
624.5 2
625.5 3
626.5 7
627.5 6
628.5 6
629.5 8
630.5 10
631.5 8
632.5 6
633.5 9
634.5 12
635.5 8
636.5 9
637.5 6
638.5 6
639.5 12
640.5 15
641.5 6
642.5 10
643.5 5
644.5 10
645.5 12
646.5 10
647.5 3
648.5 9
649.5 6
650.5 8
651.5 6
652.5 5
653.5 9
654.5 10
655.5 13
656.5 8
657.5 18
658.5 15
659.5 13
660.5 16
661.5 15
662.5 22
663.5 11
664.5 12
665.5 8
666.5 14
667.5 6
668.5 7
669.5 9
670.5 5
671.5 7
672.5 7
673.5 4
674.5 1
675.5 1
677.5 1
682.5 1
686.5 1
687.5 1
689.5 1
690.5 1
692.5 1
695.5 1
696.5 1
697.5 1
698.5 1
701.5 1
703.5 4
704.5 3
705.5 1
707.5 1
708.5 1
709.5 3
710.5 1
711.5 4
713.5 1
714.5 2
716.5 3
717.5 2
718.5 1
719.5 1
721.5 2
722.5 1
723.5 3
724.5 4
725.5 3
726.5 4
727.5 3
728.5 2
729.5 5
730.5 5
731.5 4
732.5 2
733.5 6
734.5 7
735.5 10
736.5 9
737.5 8
738.5 11
739.5 16
740.5 15
741.5 7
742.5 17
743.5 25
744.5 18
745.5 21
746.5 30
747.5 44
748.5 42
749.5 34
750.5 34
751.5 51
752.5 58
753.5 55
754.5 54
755.5 54
756.5 60
757.5 64
758.5 64
759.5 39
760.5 40
761.5 39
762.5 33
763.5 22
764.5 24
765.5 29
766.5 18
767.5 22
768.5 25
769.5 13
770.5 23
771.5 15
772.5 15
773.5 12
774.5 19
775.5 11
776.5 11
777.5 9
778.5 7
779.5 3
780.5 7
781.5 4
782.5 4
783.5 3
784.5 4
786.5 2
787.5 8
788.5 8
789.5 3
790.5 3
792.5 4
793.5 10
794.5 12
795.5 7
796.5 8
797.5 10
798.5 12
799.5 19
800.5 13
801.5 15
802.5 18
803.5 17
804.5 21
805.5 19
806.5 20
807.5 18
808.5 28
809.5 29
810.5 42
811.5 35
812.5 46
813.5 56
814.5 41
815.5 47
816.5 52
817.5 69
818.5 55
819.5 54
820.5 38
821.5 48
822.5 27
823.5 30
824.5 27
825.5 10
826.5 21
827.5 19
828.5 12
829.5 14
830.5 11
831.5 12
832.5 9
833.5 15
834.5 16
835.5 23
836.5 23
837.5 21
838.5 21
839.5 29
840.5 38
841.5 25
842.5 32
843.5 41
844.5 38
845.5 34
846.5 53
847.5 48
848.5 50
849.5 64
850.5 77
851.5 77
852.5 101
853.5 107
854.5 148
855.5 149
856.5 163
857.5 177
858.5 171
859.5 232
860.5 248
861.5 274
862.5 265
863.5 325
864.5 281
865.5 295
866.5 309
867.5 261
868.5 273
869.5 224
870.5 200
871.5 161
872.5 153
873.5 123
874.5 81
875.5 59
876.5 40
877.5 22
878.5 22
879.5 21
880.5 4
881.5 9
882.5 5
883.5 1
884.5 1
885.5 1
887.5 2
893.5 1
895.5 2
896.5 1
897.5 1
898.5 1
899.5 1
901.5 1
902.5 3
903.5 2
904.5 1
905.5 3
906.5 1
907.5 1
908.5 1
909.5 3
910.5 1
911.5 4
912.5 3
913.5 2
914.5 4
915.5 1
916.5 5
917.5 9
918.5 3
919.5 6
920.5 2
921.5 2
922.5 5
923.5 16
924.5 5
925.5 5
926.5 2
927.5 7
928.5 4
929.5 5
930.5 11
931.5 9
932.5 7
933.5 10
934.5 10
935.5 17
936.5 12
937.5 16
938.5 8
939.5 12
940.5 18
941.5 13
942.5 19
943.5 24
944.5 14
945.5 21
946.5 24
947.5 29
948.5 35
949.5 43
950.5 33
951.5 47
952.5 42
953.5 55
954.5 61
955.5 59
956.5 45
957.5 40
958.5 49
959.5 51
960.5 41
961.5 38
962.5 28
963.5 32
964.5 20
965.5 22
966.5 16
967.5 7
968.5 9
969.5 10
970.5 6
971.5 6
972.5 1
973.5 3
974.5 2
975.5 2
976.5 3
977.5 1
980.5 1
983.5 2
984.5 2
985.5 1
987.5 2
988.5 3
989.5 2
990.5 2
991.5 4
992.5 4
993.5 6
994.5 2
995.5 2
996.5 4
997.5 3
998.5 4
999.5 6
1000.5 4
1001.5 4
1002.5 5
1003.5 4
1004.5 5
1005.5 10
1006.5 7
1007.5 10
1008.5 10
1009.5 14
1010.5 13
1011.5 17
1012.5 23
1013.5 22
1014.5 20
1015.5 23
1016.5 25
1017.5 33
1018.5 33
1019.5 51
1020.5 41
1021.5 40
1022.5 43
1023.5 51
1024.5 58
1025.5 48
1026.5 45
1027.5 56
1028.5 59
1029.5 50
1030.5 47
1031.5 34
1032.5 38
1033.5 31
1034.5 35
1035.5 40
1036.5 28
1037.5 41
1038.5 32
1039.5 33
1040.5 36
1041.5 37
1042.5 47
1043.5 54
1044.5 47
1045.5 40
1046.5 58
1047.5 52
1048.5 57
1049.5 55
1050.5 52
1051.5 44
1052.5 43
1053.5 45
1054.5 35
1055.5 29
1056.5 31
1057.5 26
1058.5 30
1059.5 21
1060.5 18
1061.5 22
1062.5 9
1063.5 4
1064.5 6
1065.5 8
1066.5 4
1067.5 4
1068.5 4
1069.5 1
1070.5 2
1071.5 1
1074.5 1
1075.5 1
1079.5 1
1081.5 1
1082.5 1
1083.5 1
1084.5 1
1085.5 3
1087.5 2
1088.5 2
1089.5 1
1091.5 1
1092.5 3
1094.5 2
1096.5 2
1097.5 2
1098.5 1
1099.5 1
1100.5 4
1101.5 4
1102.5 2
1104.5 5
1105.5 6
1106.5 2
1107.5 4
1108.5 6
1109.5 5
1110.5 5
1111.5 7
1112.5 10
1113.5 10
1114.5 8
1115.5 4
1116.5 20
1117.5 11
1118.5 10
1119.5 9
1120.5 19
1121.5 17
1122.5 12
1123.5 20
1124.5 13
1125.5 16
1126.5 12
1127.5 11
1128.5 14
1129.5 9
1130.5 7
1131.5 3
1132.5 3
1133.5 6
1134.5 3
1135.5 1
1136.5 3
1141.5 1
1142.5 1
1144.5 2
1147.5 1
1151.5 1
1162.5 1
1166.5 1
1167.5 1
1171.5 1
1175.5 1
1177.5 1
1178.5 1
1179.5 1
1180.5 1
1181.5 2
1182.5 1
1186.5 1
1187.5 5
1188.5 1
1189.5 1
1190.5 1
1191.5 1
1192.5 4
1193.5 3
1194.5 5
1195.5 4
1196.5 2
1197.5 2
1198.5 2
1199.5 1
1200.5 3
1201.5 4
1202.5 2
1203.5 3
1204.5 3
1205.5 1
1206.5 2
1207.5 2
1208.5 2
1209.5 1
1210.5 1
1211.5 1
1213.5 1
1214.5 2
1215.5 2
1216.5 2
1217.5 2
1218.5 3
1219.5 2
1224.5 1
1225.5 3
1226.5 3
1229.5 2
1232.5 1
1234.5 2
1237.5 1
1238.5 1
1239.5 1
1240.5 1
1244.5 1
1245.5 1
1247.5 4
1248.5 1
1251.5 1
1252.5 2
1253.5 2
1255.5 3
1256.5 2
1257.5 1
1259.5 1
1260.5 2
1261.5 4
1262.5 2
1263.5 3
1264.5 1
1265.5 1
1266.5 5
1267.5 4
1268.5 1
1269.5 4
1270.5 2
1271.5 9
1272.5 3
1273.5 4
1274.5 5
1275.5 4
1276.5 7
1277.5 11
1278.5 9
1279.5 11
1280.5 12
1281.5 10
1282.5 15
1283.5 15
1284.5 20
1285.5 10
1286.5 14
1287.5 11
1288.5 17
1289.5 17
1290.5 30
1291.5 12
1292.5 25
1293.5 35
1294.5 35
1295.5 40
1296.5 35
1297.5 43
1298.5 40
1299.5 67
1300.5 56
1301.5 76
1302.5 67
1303.5 81
1304.5 85
1305.5 92
1306.5 127
1307.5 111
1308.5 149
1309.5 153
1310.5 181
1311.5 174
1312.5 194
1313.5 179
1314.5 219
1315.5 192
1316.5 215
1317.5 201
1318.5 167
1319.5 133
1320.5 115
1321.5 107
1322.5 87
1323.5 63
1324.5 45
1325.5 41
1326.5 32
1327.5 29
1328.5 20
1329.5 14
1330.5 13
1331.5 9
1332.5 8
1333.5 6
1334.5 13
1335.5 9
1336.5 16
1337.5 15
1338.5 13
1339.5 15
1340.5 13
1341.5 14
1342.5 18
1343.5 18
1344.5 18
1345.5 19
1346.5 25
1347.5 33
1348.5 21
1349.5 25
1350.5 34
1351.5 40
1352.5 39
1353.5 44
1354.5 55
1355.5 60
1356.5 61
1357.5 69
1358.5 66
1359.5 97
1360.5 84
1361.5 127
1362.5 100
1363.5 134
1364.5 141
1365.5 160
1366.5 152
1367.5 196
1368.5 211
1369.5 223
1370.5 284
1371.5 296
1372.5 332
1373.5 372
1374.5 387
1375.5 402
1376.5 439
1377.5 469
1378.5 440
1379.5 384
1380.5 423
1381.5 356
1382.5 367
1383.5 337
1384.5 263
1385.5 200
1386.5 186
1387.5 140
1388.5 100
1389.5 82
1390.5 57
1391.5 43
1392.5 22
1393.5 13
1394.5 11
1395.5 7
1396.5 5
1397.5 2
1398.5 2
1399.5 3
1400.5 1
1401.5 2
1404.5 1
1413.5 1
1416.5 1
1418.5 1
1419.5 1
1422.5 2
1425.5 1
1428.5 2
1431.5 1
1434.5 1
1437.5 2
1438.5 2
1439.5 1
1443.5 2
1444.5 2
1449.5 3
1451.5 1
1452.5 2
1453.5 1
1454.5 1
1456.5 2
1459.5 1
1460.5 2
1464.5 1
1465.5 1
1466.5 4
1467.5 3
1468.5 2
1469.5 2
1470.5 2
1471.5 5
1472.5 2
1473.5 1
1474.5 4
1475.5 4
1476.5 6
1477.5 8
1478.5 5
1479.5 4
1480.5 8
1481.5 8
1482.5 12
1483.5 7
1484.5 11
1485.5 9
1486.5 8
1487.5 8
1488.5 16
1489.5 14
1490.5 7
1491.5 14
1492.5 10
1493.5 15
1494.5 17
1495.5 14
1496.5 11
1497.5 6
1498.5 6
1499.5 10
1500.5 13
1501.5 9
1502.5 7
1503.5 10
1504.5 4
1505.5 10
1506.5 7
1507.5 7
1508.5 11
1509.5 17
1510.5 14
1511.5 22
1512.5 19
1513.5 25
1514.5 28
1515.5 26
1516.5 23
1517.5 29
1518.5 39
1519.5 44
1520.5 53
1521.5 57
1522.5 49
1523.5 68
1524.5 50
1525.5 72
1526.5 82
1527.5 82
1528.5 112
1529.5 106
1530.5 136
1531.5 135
1532.5 130
1533.5 146
1534.5 145
1535.5 151
1536.5 193
1537.5 157
1538.5 161
1539.5 140
1540.5 121
1541.5 126
1542.5 118
1543.5 87
1544.5 56
1545.5 57
1546.5 51
1547.5 32
1548.5 27
1549.5 20
1550.5 19
1551.5 9
1552.5 15
1553.5 14
1554.5 16
1555.5 17
1556.5 17
1557.5 13
1558.5 19
1559.5 20
1560.5 17
1561.5 27
1562.5 25
1563.5 26
1564.5 40
1565.5 31
1566.5 43
1567.5 42
1568.5 52
1569.5 41
1570.5 53
1571.5 60
1572.5 77
1573.5 69
1574.5 94
1575.5 107
1576.5 113
1577.5 133
1578.5 103
1579.5 130
1580.5 148
1581.5 150
1582.5 175
1583.5 194
1584.5 203
1585.5 204
1586.5 263
1587.5 300
1588.5 304
1589.5 314
1590.5 413
1591.5 452
1592.5 446
1593.5 544
1594.5 631
1595.5 660
1596.5 731
1597.5 714
1598.5 837
1599.5 836
1600.5 918
1601.5 914
1602.5 933
1603.5 941
1604.5 894
1605.5 777
1606.5 743
1607.5 684
1608.5 559
1609.5 474
1610.5 330
1611.5 285
1612.5 200
1613.5 149
1614.5 87
1615.5 68
1616.5 54
1617.5 35
1618.5 37
1619.5 31
1620.5 43
1621.5 39
1622.5 38
1623.5 36
1624.5 38
1625.5 49
1626.5 43
1627.5 46
1628.5 54
1629.5 63
1630.5 70
1631.5 65
1632.5 60
1633.5 57
1634.5 70
1635.5 64
1636.5 55
1637.5 58
1638.5 39
1639.5 35
1640.5 37
1641.5 21
1642.5 19
1643.5 8
1644.5 5
1645.5 6
1646.5 7
1647.5 1
1648.5 4
1649.5 3
1650.5 2
1651.5 1
1654.5 1
1655.5 2
1660.5 1
1664.5 2
1665.5 1
1667.5 2
1669.5 1
1672.5 1
1687.5 1
1690.5 2
1697.5 1
1707.5 1
1710.5 1
1711.5 2
1715.5 1
1716.5 1
1718.5 1
1721.5 1
1727.5 2
1732.5 1
1733.5 1
1737.5 1
1738.5 1
1740.5 1
1745.5 1
1748.5 2
1750.5 1
1751.5 2
1752.5 1
1754.5 1
1755.5 2
1756.5 2
1757.5 3
1763.5 2
1764.5 1
1765.5 1
1769.5 1
1770.5 1
1772.5 1
1773.5 1
1775.5 1
1777.5 1
1779.5 3
1780.5 1
1781.5 1
1783.5 1
1784.5 1
1787.5 1
1789.5 2
1790.5 3
1791.5 2
1794.5 1
1796.5 3
1797.5 3
1798.5 2
1801.5 3
1802.5 6
1803.5 1
1804.5 2
1805.5 2
1806.5 1
1807.5 3
1808.5 2
1809.5 1
1810.5 2
1811.5 5
1812.5 1
1813.5 5
1814.5 4
1815.5 7
1816.5 2
1817.5 3
1818.5 7
1819.5 7
1820.5 11
1821.5 9
1822.5 4
1823.5 13
1824.5 7
1825.5 3
1826.5 10
1827.5 8
1828.5 9
1829.5 10
1830.5 12
1831.5 13
1832.5 15
1833.5 21
1834.5 20
1835.5 23
1836.5 19
1837.5 22
1838.5 24
1839.5 23
1840.5 34
1841.5 37
1842.5 39
1843.5 53
1844.5 34
1845.5 49
1846.5 46
1847.5 53
1848.5 62
1849.5 61
1850.5 81
1851.5 87
1852.5 93
1853.5 104
1854.5 122
1855.5 150
1856.5 150
1857.5 153
1858.5 180
1859.5 193
1860.5 188
1861.5 230
1862.5 259
1863.5 262
1864.5 285
1865.5 283
1866.5 323
1867.5 343
1868.5 379
1869.5 396
1870.5 411
1871.5 399
1872.5 364
1873.5 345
1874.5 307
1875.5 278
1876.5 265
1877.5 235
1878.5 177
1879.5 153
1880.5 104
1881.5 96
1882.5 72
1883.5 58
1884.5 31
1885.5 37
1886.5 23
1887.5 19
1888.5 10
1889.5 3
1890.5 9
1891.5 4
1892.5 2
1893.5 1
1894.5 2
1895.5 2
1896.5 2
1897.5 1
1898.5 4
1899.5 3
1900.5 2
1903.5 4
1904.5 2
1905.5 3
1906.5 3
1907.5 5
1908.5 1
1909.5 2
1910.5 1
1911.5 4
1912.5 5
1913.5 5
1914.5 3
1915.5 6
1916.5 7
1917.5 5
1918.5 5
1919.5 7
1920.5 9
1921.5 8
1922.5 4
1923.5 8
1924.5 8
1925.5 12
1926.5 6
1927.5 7
1928.5 8
1929.5 12
1930.5 14
1931.5 17
1932.5 16
1933.5 15
1934.5 15
1935.5 21
1936.5 21
1937.5 24
1938.5 24
1939.5 26
1940.5 27
1941.5 30
1942.5 26
1943.5 37
1944.5 26
1945.5 34
1946.5 39
1947.5 54
1948.5 42
1949.5 60
1950.5 80
1951.5 77
1952.5 84
1953.5 76
1954.5 109
1955.5 111
1956.5 110
1957.5 142
1958.5 140
1959.5 160
1960.5 176
1961.5 186
1962.5 232
1963.5 237
1964.5 219
1965.5 271
1966.5 295
1967.5 355
1968.5 336
1969.5 383
1970.5 384
1971.5 386
1972.5 411
1973.5 454
1974.5 390
1975.5 368
1976.5 361
1977.5 322
1978.5 285
1979.5 230
1980.5 219
1981.5 189
1982.5 164
1983.5 124
1984.5 85
1985.5 73
1986.5 46
1987.5 32
1988.5 18
1989.5 20
1990.5 15
1991.5 4
1992.5 2
1993.5 6
1994.5 4
1996.5 2
1997.5 1
2007.5 2
2011.5 2
2013.5 1
2014.5 2
2017.5 1
2018.5 1
2020.5 1
2024.5 1
2026.5 1
2027.5 2
2030.5 1
2034.5 2
2035.5 1
2037.5 2
2038.5 1
2039.5 2
2040.5 4
2041.5 1
2042.5 5
2043.5 3
2044.5 4
2045.5 3
2047.5 2
2048.5 4
2049.5 3
2050.5 2
2051.5 3
2052.5 6
2053.5 1
2054.5 3
2055.5 6
2056.5 3
2057.5 1
2058.5 2
2061.5 1
2064.5 2
2073.5 1
2088.5 1
2097.5 1
2107.5 1
2108.5 1
2121.5 1
2131.5 1
2136.5 1
2138.5 1
2149.5 1
2154.5 1
2158.5 1
2159.5 1
2165.5 1
2167.5 1
2170.5 1
2171.5 1
2172.5 1
2179.5 1
2187.5 1
2189.5 1
2190.5 2
2191.5 1
2194.5 1
2197.5 1
2198.5 1
2200.5 1
2202.5 1
2203.5 2
2204.5 1
2205.5 1
2208.5 1
2209.5 1
2211.5 1
2213.5 1
2215.5 1
2217.5 1
2218.5 1
2220.5 2
2223.5 2
2225.5 1
2226.5 6
2230.5 2
2231.5 1
2232.5 2
2233.5 2
2235.5 3
2236.5 2
2237.5 1
2238.5 1
2239.5 4
2240.5 2
2242.5 2
2243.5 2
2244.5 2
2245.5 2
2247.5 2
2248.5 6
2249.5 1
2251.5 2
2252.5 4
2253.5 2
2254.5 5
2255.5 3
2256.5 2
2257.5 3
2259.5 3
2260.5 8
2261.5 4
2262.5 6
2263.5 2
2264.5 5
2266.5 2
2267.5 1
2268.5 1
2269.5 2
2270.5 9
2271.5 5
2272.5 3
2273.5 4
2274.5 6
2275.5 3
2276.5 5
2277.5 5
2278.5 6
2279.5 7
2280.5 3
2281.5 1
2282.5 5
2283.5 6
2284.5 3
2285.5 5
2286.5 8
2287.5 6
2288.5 9
2289.5 6
2290.5 12
2291.5 12
2292.5 8
2293.5 7
2294.5 6
2295.5 8
2296.5 13
2297.5 2
2298.5 16
2299.5 12
2300.5 16
2301.5 17
2302.5 12
2303.5 15
2304.5 13
2305.5 13
2306.5 11
2307.5 16
2308.5 13
2309.5 20
2310.5 23
2311.5 23
2312.5 31
2313.5 23
2314.5 27
2315.5 35
2316.5 35
2317.5 25
2318.5 35
2319.5 40
2320.5 30
2321.5 37
2322.5 43
2323.5 53
2324.5 53
2325.5 60
2326.5 50
2327.5 74
2328.5 69
2329.5 61
2330.5 97
2331.5 74
2332.5 76
2333.5 104
2334.5 111
2335.5 123
2336.5 117
2337.5 148
2338.5 150
2339.5 178
2340.5 172
2341.5 219
2342.5 192
2343.5 202
2344.5 244
2345.5 257
2346.5 299
2347.5 329
2348.5 373
2349.5 387
2350.5 451
2351.5 478
2352.5 544
2353.5 581
2354.5 651
2355.5 760
2356.5 784
2357.5 876
2358.5 952
2359.5 1037
2360.5 1234
2361.5 1338
2362.5 1429
2363.5 1437
2364.5 1529
2365.5 1649
2366.5 1674
2367.5 1705
2368.5 1714
2369.5 1677
2370.5 1644
2371.5 1572
2372.5 1405
2373.5 1240
2374.5 1108
2375.5 1035
2376.5 799
2377.5 695
2378.5 582
2379.5 435
2380.5 360
2381.5 251
2382.5 210
2383.5 148
2384.5 101
2385.5 81
2386.5 62
2387.5 43
2388.5 37
2389.5 19
2390.5 6
2391.5 6
2392.5 7
2393.5 3
2394.5 1
2395.5 2
2399.5 2
2400.5 1
2401.5 1
2402.5 1
2404.5 1
2407.5 1
2408.5 1
2413.5 1
2417.5 1
2426.5 1
2434.5 1
2447.5 1
2452.5 1
2459.5 1
2470.5 1
2479.5 1
2507.5 1
2514.5 2
2516.5 7
