0.5 214
15.5 2
18.5 3
20.5 3
21.5 5
22.5 3
23.5 5
24.5 3
25.5 6
26.5 3
27.5 6
28.5 5
29.5 5
30.5 4
31.5 9
32.5 6
33.5 3
34.5 7
35.5 4
36.5 9
37.5 7
38.5 3
39.5 7
40.5 8
41.5 5
42.5 10
43.5 8
44.5 6
45.5 6
46.5 10
47.5 5
48.5 8
49.5 5
50.5 6
51.5 9
52.5 5
53.5 5
54.5 6
55.5 10
56.5 13
57.5 9
58.5 7
59.5 13
60.5 8
61.5 7
62.5 8
63.5 9
64.5 14
65.5 2
66.5 14
67.5 13
68.5 13
69.5 6
70.5 9
71.5 9
72.5 8
73.5 10
74.5 9
75.5 11
76.5 14
77.5 5
78.5 4
79.5 10
80.5 7
81.5 8
82.5 9
83.5 7
84.5 6
85.5 10
86.5 9
87.5 10
88.5 12
89.5 13
90.5 17
91.5 24
92.5 21
93.5 18
94.5 19
95.5 27
96.5 19
97.5 30
98.5 19
99.5 33
100.5 16
101.5 24
102.5 28
103.5 20
104.5 19
105.5 28
106.5 18
107.5 18
108.5 16
109.5 8
110.5 8
111.5 12
112.5 8
113.5 5
114.5 8
115.5 4
116.5 7
117.5 3
118.5 4
119.5 4
120.5 4
121.5 7
122.5 2
123.5 7
124.5 6
125.5 5
126.5 5
127.5 4
128.5 5
129.5 3
130.5 6
131.5 7
132.5 8
133.5 8
134.5 7
135.5 8
136.5 8
137.5 11
138.5 13
139.5 10
140.5 10
141.5 9
142.5 16
143.5 12
144.5 17
145.5 10
146.5 16
147.5 9
148.5 13
149.5 6
150.5 6
151.5 9
152.5 7
153.5 5
154.5 5
155.5 7
156.5 5
157.5 8
158.5 8
159.5 8
160.5 12
161.5 9
162.5 10
163.5 11
164.5 9
165.5 8
166.5 7
167.5 13
168.5 14
169.5 13
170.5 8
171.5 8
172.5 15
173.5 13
174.5 16
175.5 9
176.5 20
177.5 12
178.5 23
179.5 29
180.5 20
181.5 9
182.5 26
183.5 21
184.5 13
185.5 10
186.5 18
187.5 14
188.5 14
189.5 9
190.5 7
191.5 6
192.5 5
193.5 6
194.5 4
195.5 6
196.5 5
197.5 1
198.5 4
199.5 2
200.5 6
201.5 6
202.5 4
203.5 8
204.5 6
205.5 2
206.5 4
207.5 6
208.5 2
209.5 4
210.5 9
211.5 8
212.5 9
213.5 12
214.5 8
215.5 12
216.5 7
217.5 15
218.5 12
219.5 15
220.5 10
221.5 13
222.5 15
223.5 15
224.5 15
225.5 16
226.5 24
227.5 13
228.5 22
229.5 22
230.5 12
231.5 11
232.5 16
233.5 10
234.5 8
235.5 6
236.5 7
237.5 11
238.5 11
239.5 15
240.5 14
241.5 7
242.5 12
243.5 10
244.5 9
245.5 7
246.5 4
247.5 9
248.5 8
249.5 3
250.5 1
251.5 4
252.5 1
253.5 3
254.5 5
255.5 2
256.5 6
257.5 3
258.5 2
259.5 2
261.5 3
262.5 3
263.5 1
264.5 4
265.5 1
266.5 3
267.5 3
268.5 2
269.5 2
270.5 1
271.5 1
273.5 1
275.5 3
276.5 1
277.5 1
280.5 1
281.5 1
283.5 5
284.5 1
285.5 1
287.5 1
289.5 2
290.5 1
291.5 6
292.5 4
293.5 2
294.5 2
295.5 2
296.5 2
297.5 1
298.5 2
299.5 1
300.5 6
303.5 3
304.5 1
305.5 2
306.5 1
307.5 3
308.5 3
309.5 2
310.5 2
311.5 4
312.5 3
313.5 2
314.5 3
315.5 4
316.5 1
317.5 2
318.5 5
319.5 6
320.5 4
321.5 4
322.5 5
323.5 5
324.5 4
325.5 8
326.5 3
327.5 11
328.5 8
329.5 8
330.5 2
331.5 6
332.5 9
333.5 5
334.5 5
335.5 3
336.5 6
337.5 11
338.5 13
339.5 6
340.5 10
341.5 11
342.5 7
343.5 7
344.5 4
345.5 1
346.5 6
347.5 5
348.5 3
349.5 6
350.5 5
351.5 2
352.5 4
353.5 2
354.5 4
355.5 5
356.5 5
357.5 6
359.5 1
360.5 3
361.5 1
362.5 5
363.5 7
364.5 2
365.5 3
366.5 5
367.5 7
368.5 5
369.5 4
370.5 5
372.5 4
373.5 3
374.5 6
375.5 1
376.5 4
377.5 2
378.5 6
379.5 5
380.5 7
381.5 7
382.5 8
383.5 6
384.5 7
385.5 7
386.5 8
387.5 12
388.5 2
389.5 12
390.5 8
391.5 8
392.5 5
393.5 8
394.5 7
395.5 11
396.5 12
397.5 7
398.5 10
399.5 7
400.5 14
401.5 9
402.5 13
403.5 7
404.5 7
405.5 10
406.5 7
407.5 11
408.5 8
409.5 11
410.5 15
411.5 6
412.5 11
413.5 4
414.5 6
415.5 4
416.5 7
417.5 3
418.5 4
419.5 5
420.5 4
421.5 1
422.5 4
423.5 3
424.5 1
425.5 2
426.5 3
427.5 2
428.5 4
429.5 5
430.5 3
431.5 1
432.5 4
433.5 3
434.5 4
435.5 5
436.5 3
437.5 5
438.5 8
439.5 4
440.5 7
441.5 7
442.5 4
443.5 6
444.5 6
445.5 4
446.5 6
447.5 8
448.5 7
449.5 6
450.5 9
451.5 7
452.5 8
453.5 11
454.5 12
455.5 16
456.5 7
457.5 4
458.5 6
459.5 9
460.5 4
461.5 9
462.5 6
463.5 17
464.5 8
465.5 8
466.5 5
467.5 5
468.5 9
469.5 8
470.5 10
471.5 13
472.5 10
473.5 9
474.5 13
475.5 7
476.5 8
477.5 15
478.5 6
479.5 6
480.5 7
481.5 9
482.5 7
483.5 12
484.5 8
485.5 14
486.5 8
487.5 4
488.5 4
489.5 10
490.5 8
491.5 9
492.5 4
493.5 14
494.5 6
495.5 8
496.5 7
497.5 12
498.5 13
499.5 7
500.5 11
501.5 9
502.5 6
503.5 13
504.5 6
505.5 10
506.5 7
507.5 8
508.5 4
509.5 9
510.5 1
511.5 3
512.5 3
513.5 2
514.5 2
515.5 2
516.5 3
517.5 2
518.5 1
519.5 4
520.5 2
521.5 4
522.5 5
523.5 5
524.5 4
525.5 4
526.5 7
527.5 5
528.5 5
529.5 4
530.5 10
531.5 5
532.5 5
533.5 8
534.5 10
535.5 5
536.5 11
537.5 4
538.5 2
539.5 4
540.5 4
541.5 4
542.5 2
543.5 4
544.5 5
545.5 5
546.5 2
547.5 12
548.5 10
549.5 9
550.5 6
551.5 18
552.5 9
553.5 9
554.5 14
555.5 8
556.5 15
557.5 14
558.5 15
559.5 20
560.5 18
561.5 16
562.5 25
563.5 35
564.5 42
565.5 41
566.5 39
567.5 46
568.5 44
569.5 42
570.5 42
571.5 37
572.5 39
573.5 47
574.5 42
575.5 40
576.5 40
577.5 30
578.5 35
579.5 37
580.5 27
581.5 19
582.5 36
583.5 37
584.5 21
585.5 21
586.5 26
587.5 22
588.5 25
589.5 26
590.5 19
591.5 34
592.5 22
593.5 36
594.5 33
595.5 23
596.5 37
597.5 33
598.5 29
599.5 20
600.5 14
601.5 21
602.5 16
603.5 17
604.5 10
605.5 14
606.5 9
607.5 6
608.5 3
609.5 4
610.5 5
611.5 6
612.5 3
613.5 6
614.5 6
615.5 6
616.5 7
617.5 4
618.5 8
619.5 12
620.5 11
621.5 5
622.5 8
623.5 9
624.5 8
625.5 13
626.5 6
627.5 16
628.5 5
629.5 9
630.5 4
631.5 10
632.5 9
633.5 9
634.5 6
635.5 5
636.5 9
637.5 2
638.5 8
639.5 6
640.5 8
641.5 6
642.5 12
643.5 10
644.5 8
645.5 11
646.5 13
647.5 12
648.5 14
649.5 22
650.5 15
651.5 16
652.5 17
653.5 26
654.5 25
655.5 38
656.5 30
657.5 35
658.5 48
659.5 48
660.5 55
661.5 52
662.5 59
663.5 55
664.5 78
665.5 69
666.5 71
667.5 75
668.5 79
669.5 85
670.5 101
671.5 111
672.5 108
673.5 124
674.5 138
675.5 141
676.5 164
677.5 167
678.5 171
679.5 176
680.5 152
681.5 181
682.5 152
683.5 161
684.5 145
685.5 99
686.5 74
687.5 60
688.5 53
689.5 45
690.5 24
691.5 21
692.5 19
693.5 11
694.5 6
695.5 9
696.5 5
697.5 4
698.5 4
699.5 4
700.5 5
701.5 1
702.5 1
703.5 3
704.5 4
705.5 2
706.5 2
707.5 7
708.5 2
709.5 3
710.5 5
711.5 8
712.5 9
713.5 9
714.5 4
715.5 7
716.5 10
717.5 10
718.5 10
719.5 5
720.5 6
721.5 12
722.5 7
723.5 6
724.5 6
725.5 9
726.5 5
727.5 6
728.5 15
729.5 4
730.5 4
731.5 6
732.5 7
733.5 4
734.5 8
735.5 10
736.5 6
737.5 10
738.5 7
739.5 5
740.5 9
741.5 8
742.5 9
743.5 11
744.5 6
745.5 5
746.5 9
747.5 11
748.5 11
749.5 12
750.5 16
751.5 14
752.5 20
753.5 23
754.5 20
755.5 17
756.5 19
757.5 16
758.5 27
759.5 19
760.5 18
761.5 18
762.5 13
763.5 20
764.5 14
765.5 14
766.5 14
767.5 14
768.5 14
769.5 8
770.5 5
771.5 13
772.5 11
773.5 7
774.5 8
775.5 1
776.5 3
777.5 5
778.5 5
779.5 7
780.5 1
781.5 4
782.5 5
783.5 6
784.5 4
785.5 6
786.5 6
787.5 2
788.5 3
789.5 5
790.5 4
791.5 2
792.5 3
793.5 2
794.5 1
796.5 2
797.5 1
798.5 1
799.5 1
800.5 4
801.5 1
802.5 3
804.5 2
805.5 2
806.5 4
807.5 3
808.5 3
809.5 5
810.5 3
811.5 3
812.5 4
813.5 3
814.5 5
815.5 4
816.5 2
817.5 3
818.5 5
819.5 9
820.5 4
821.5 5
822.5 11
823.5 7
824.5 8
825.5 12
826.5 10
827.5 8
828.5 11
829.5 13
830.5 9
831.5 16
832.5 14
833.5 10
834.5 8
835.5 12
836.5 12
837.5 11
838.5 12
839.5 9
840.5 11
841.5 7
842.5 7
843.5 6
844.5 8
845.5 7
846.5 10
847.5 7
848.5 7
849.5 3
850.5 7
851.5 4
852.5 4
853.5 10
854.5 5
855.5 5
856.5 9
857.5 8
858.5 12
859.5 15
860.5 13
861.5 10
862.5 5
863.5 13
864.5 8
865.5 4
866.5 6
867.5 10
868.5 7
869.5 7
870.5 10
871.5 2
872.5 5
873.5 9
874.5 3
875.5 1
876.5 1
877.5 3
878.5 1
880.5 1
881.5 1
882.5 2
883.5 1
884.5 1
885.5 1
886.5 1
887.5 1
888.5 3
889.5 3
890.5 1
891.5 1
892.5 2
893.5 4
895.5 1
896.5 2
897.5 3
899.5 1
900.5 4
902.5 4
903.5 1
904.5 5
905.5 3
906.5 6
907.5 1
908.5 3
909.5 2
910.5 5
911.5 2
912.5 2
913.5 5
916.5 3
918.5 2
919.5 3
920.5 2
921.5 1
922.5 3
924.5 2
925.5 4
926.5 4
927.5 1
928.5 1
929.5 2
930.5 3
931.5 1
932.5 3
933.5 7
934.5 3
935.5 5
936.5 1
938.5 1
939.5 2
941.5 1
942.5 1
943.5 4
944.5 3
945.5 2
946.5 1
947.5 3
948.5 1
949.5 1
950.5 3
951.5 4
952.5 5
953.5 1
954.5 4
955.5 2
956.5 2
957.5 1
958.5 3
959.5 4
960.5 1
961.5 1
963.5 2
965.5 3
967.5 1
968.5 3
969.5 3
970.5 5
971.5 2
972.5 7
973.5 2
974.5 6
975.5 4
976.5 2
977.5 5
978.5 7
979.5 11
980.5 8
981.5 5
982.5 3
983.5 5
984.5 9
985.5 4
986.5 5
987.5 9
988.5 2
989.5 5
990.5 2
991.5 3
992.5 5
993.5 2
994.5 1
995.5 1
996.5 3
998.5 1
999.5 3
1000.5 1
1001.5 1
1002.5 1
1003.5 2
1004.5 1
1006.5 2
1007.5 1
1008.5 3
1009.5 4
1010.5 7
1011.5 3
1012.5 4
1013.5 6
1014.5 6
1015.5 5
1016.5 6
1017.5 4
1018.5 6
1019.5 7
1020.5 8
1021.5 6
1022.5 8
1023.5 8
1024.5 15
1025.5 10
1026.5 13
1027.5 15
1028.5 18
1029.5 19
1030.5 17
1031.5 24
1032.5 22
1033.5 30
1034.5 27
1035.5 33
1036.5 32
1037.5 50
1038.5 43
1039.5 48
1040.5 63
1041.5 49
1042.5 47
1043.5 59
1044.5 47
1045.5 63
1046.5 41
1047.5 36
1048.5 34
1049.5 33
1050.5 29
1051.5 25
1052.5 16
1053.5 5
1054.5 9
1055.5 4
1056.5 16
1057.5 1
1058.5 5
1059.5 2
1060.5 4
1061.5 2
1062.5 3
1064.5 4
1066.5 1
1067.5 1
1068.5 1
1069.5 2
1070.5 3
1071.5 2
1072.5 3
1073.5 2
1074.5 1
1075.5 1
1076.5 1
1077.5 2
1078.5 1
1079.5 4
1080.5 1
1082.5 4
1083.5 6
1084.5 5
1085.5 4
1086.5 4
1087.5 4
1088.5 3
1089.5 7
1090.5 5
1091.5 10
1092.5 5
1093.5 8
1094.5 4
1095.5 7
1096.5 2
1097.5 5
1098.5 3
1099.5 8
1100.5 5
1101.5 1
1102.5 2
1103.5 1
1104.5 2
1105.5 4
1106.5 6
1107.5 4
1108.5 9
1109.5 5
1110.5 5
1111.5 10
1112.5 3
1113.5 8
1114.5 6
1115.5 6
1116.5 6
1117.5 12
1118.5 8
1119.5 9
1120.5 6
1121.5 8
1122.5 8
1123.5 7
1124.5 5
1125.5 9
1126.5 8
1127.5 4
1128.5 2
1129.5 6
1130.5 3
1131.5 1
1132.5 3
1135.5 4
1136.5 7
1137.5 4
1139.5 2
1140.5 3
1141.5 5
1142.5 3
1143.5 6
1144.5 2
1145.5 5
1146.5 4
1147.5 5
1148.5 7
1149.5 9
1150.5 12
1151.5 12
1152.5 7
1153.5 8
1154.5 11
1155.5 12
1156.5 9
1157.5 9
1158.5 10
1159.5 11
1160.5 15
1161.5 14
1162.5 12
1163.5 21
1164.5 10
1165.5 13
1166.5 14
1167.5 15
1168.5 13
1169.5 16
1170.5 21
1171.5 5
1172.5 13
1173.5 15
1174.5 16
1175.5 10
1176.5 17
1177.5 18
1178.5 18
1179.5 12
1180.5 9
1181.5 11
1182.5 10
1183.5 8
1184.5 8
1185.5 10
1186.5 5
1187.5 4
1188.5 2
1189.5 5
1190.5 2
1191.5 8
1192.5 8
1193.5 3
1194.5 1
1195.5 5
1196.5 6
1197.5 3
1198.5 3
1199.5 5
1200.5 2
1201.5 2
1202.5 3
1203.5 2
1204.5 3
1206.5 1
1207.5 2
1211.5 2
1212.5 2
1213.5 1
1214.5 1
1215.5 3
1219.5 3
1220.5 2
1221.5 1
1224.5 2
1226.5 6
1227.5 4
1228.5 1
1231.5 1
1233.5 1
1234.5 2
1235.5 1
1237.5 2
1238.5 2
1239.5 2
1240.5 3
1241.5 2
1242.5 4
1243.5 2
1244.5 5
1245.5 3
1246.5 4
1247.5 1
1248.5 4
1249.5 3
1250.5 4
1251.5 2
1252.5 1
1253.5 2
1254.5 4
1255.5 5
1256.5 5
1257.5 5
1258.5 5
1259.5 4
1260.5 3
1261.5 2
1262.5 5
1263.5 5
1264.5 3
1265.5 8
1266.5 10
1267.5 8
1268.5 8
1269.5 6
1270.5 10
1271.5 11
1272.5 7
1273.5 13
1274.5 9
1275.5 8
1276.5 4
1277.5 6
1278.5 2
1279.5 3
1280.5 5
1281.5 6
1282.5 6
1283.5 6
1284.5 5
1285.5 2
1286.5 7
1287.5 4
1288.5 9
1289.5 5
1290.5 7
1291.5 5
1292.5 6
1293.5 5
1294.5 7
1295.5 4
1296.5 4
1297.5 6
1298.5 6
1299.5 6
1300.5 3
1301.5 8
1302.5 6
1303.5 3
1304.5 7
1305.5 10
1306.5 7
1307.5 8
1308.5 4
1309.5 8
1310.5 8
1311.5 14
1312.5 7
1313.5 8
1314.5 7
1315.5 4
1316.5 8
1317.5 12
1318.5 6
1319.5 6
1320.5 10
1321.5 17
1322.5 6
1323.5 5
1324.5 7
1325.5 16
1326.5 13
1327.5 8
1328.5 17
1329.5 26
1330.5 9
1331.5 19
1332.5 18
1333.5 24
1334.5 15
1335.5 19
1336.5 21
1337.5 16
1338.5 13
1339.5 13
1340.5 10
1341.5 14
1342.5 16
1343.5 9
1344.5 6
1345.5 9
1346.5 5
1347.5 3
1348.5 2
1349.5 6
1350.5 9
1351.5 6
1352.5 7
1353.5 6
1354.5 7
1355.5 6
1356.5 5
1357.5 5
1358.5 6
1359.5 6
1360.5 6
1361.5 3
1362.5 6
1363.5 6
1364.5 5
1365.5 4
1366.5 7
1367.5 9
1368.5 2
1369.5 4
1370.5 8
1371.5 4
1372.5 1
1373.5 10
1374.5 9
1375.5 7
1376.5 14
1377.5 8
1378.5 7
1379.5 6
1380.5 5
1381.5 10
1382.5 10
1383.5 8
1384.5 9
1385.5 4
1386.5 13
1387.5 7
1388.5 7
1389.5 4
1390.5 6
1391.5 7
1392.5 4
1393.5 4
1394.5 5
1395.5 3
1397.5 3
1399.5 3
1400.5 2
1403.5 1
1404.5 2
1405.5 2
1406.5 1
1408.5 1
1410.5 3
1412.5 3
1413.5 3
1414.5 1
1415.5 1
1416.5 2
1417.5 3
1418.5 2
1419.5 2
1420.5 5
1421.5 4
1422.5 1
1423.5 5
1424.5 5
1425.5 7
1426.5 3
1427.5 8
1428.5 5
1429.5 5
1430.5 5
1431.5 5
1432.5 3
1433.5 10
1434.5 5
1435.5 4
1436.5 3
1437.5 6
1438.5 7
1439.5 5
1440.5 3
1441.5 8
1442.5 4
1443.5 7
1444.5 3
1445.5 3
1446.5 4
1447.5 9
1448.5 8
1449.5 12
1450.5 3
1451.5 7
1452.5 7
1453.5 13
1454.5 7
1455.5 10
1456.5 12
1457.5 6
1458.5 10
1459.5 7
1460.5 12
1461.5 11
1462.5 11
1463.5 15
1464.5 16
1465.5 12
1466.5 8
1467.5 20
1468.5 9
1469.5 7
1470.5 4
1471.5 7
1472.5 6
1473.5 6
1474.5 2
1475.5 4
1476.5 1
1477.5 2
1479.5 1
1483.5 1
1484.5 1
1485.5 1
1486.5 4
1487.5 1
1490.5 1
1491.5 1
1494.5 2
1495.5 3
1497.5 2
1498.5 2
1500.5 1
1502.5 5
1504.5 3
1505.5 2
1506.5 2
1507.5 4
1508.5 5
1509.5 3
1510.5 3
1511.5 1
1512.5 2
1513.5 1
1514.5 2
1515.5 5
1516.5 2
1517.5 1
1518.5 4
1522.5 1
1523.5 1
1524.5 1
1526.5 1
1527.5 1
1528.5 1
1530.5 3
1531.5 1
1534.5 1
1535.5 1
1536.5 1
1537.5 2
1538.5 1
1540.5 1
1541.5 1
1544.5 1
1546.5 1
1551.5 1
1552.5 2
1553.5 1
1557.5 1
1560.5 2
1562.5 1
1563.5 1
1566.5 2
1568.5 5
1569.5 2
1570.5 1
1571.5 3
1572.5 1
1573.5 1
1575.5 4
1576.5 1
1577.5 1
1578.5 1
1579.5 5
1580.5 1
1582.5 3
1583.5 3
1585.5 1
1586.5 2
1588.5 1
1589.5 1
1590.5 2
1592.5 2
1594.5 1
1596.5 1
1598.5 3
1599.5 2
1600.5 4
1601.5 1
1602.5 2
1603.5 1
1604.5 4
1605.5 1
1606.5 1
1607.5 2
1608.5 2
1609.5 2
1610.5 2
1611.5 4
1613.5 1
1614.5 5
1615.5 4
1616.5 4
1617.5 5
1618.5 6
1619.5 2
1620.5 3
1621.5 8
1622.5 3
1623.5 2
1624.5 1
1625.5 6
1626.5 5
1627.5 4
1628.5 13
1629.5 3
1630.5 4
1631.5 8
1632.5 10
1633.5 13
1634.5 11
1635.5 7
1636.5 9
1637.5 13
1638.5 13
1639.5 12
1640.5 12
1641.5 18
1642.5 12
1643.5 18
1644.5 9
1645.5 14
1646.5 16
1647.5 15
1648.5 11
1649.5 21
1650.5 16
1651.5 16
1652.5 23
1653.5 17
1654.5 24
1655.5 15
1656.5 24
1657.5 33
1658.5 17
1659.5 26
1660.5 35
1661.5 28
1662.5 35
1663.5 33
1664.5 36
1665.5 36
1666.5 36
1667.5 59
1668.5 54
1669.5 64
1670.5 67
1671.5 64
1672.5 93
1673.5 95
1674.5 121
1675.5 103
1676.5 119
1677.5 133
1678.5 163
1679.5 167
1680.5 163
1681.5 183
1682.5 165
1683.5 206
1684.5 171
1685.5 202
1686.5 182
1687.5 180
1688.5 171
1689.5 174
1690.5 139
1691.5 143
1692.5 115
1693.5 107
1694.5 88
1695.5 63
1696.5 64
1697.5 37
1698.5 30
1699.5 24
1700.5 15
1701.5 12
1702.5 12
1703.5 3
1704.5 4
1705.5 3
1706.5 4
1707.5 6
1708.5 1
1709.5 1
1710.5 1
1711.5 1
1712.5 4
1713.5 2
1714.5 3
1715.5 3
1716.5 3
1717.5 5
1718.5 3
1719.5 2
1720.5 2
1721.5 1
1722.5 5
1723.5 6
1724.5 4
1725.5 2
1726.5 5
1727.5 3
1728.5 5
1729.5 6
1730.5 4
1731.5 7
1732.5 3
1733.5 7
1734.5 2
1735.5 2
1736.5 4
1737.5 3
1738.5 5
1739.5 5
1740.5 4
1742.5 1
1743.5 3
1744.5 1
1745.5 4
1746.5 2
1747.5 4
1748.5 3
1749.5 6
1750.5 1
1751.5 4
1752.5 2
1753.5 5
1754.5 4
1755.5 6
1756.5 5
1757.5 8
1758.5 3
1759.5 2
1760.5 3
1761.5 6
1762.5 6
1763.5 5
1764.5 10
1765.5 8
1766.5 5
1767.5 6
1768.5 8
1769.5 10
1770.5 13
1771.5 9
1772.5 15
1773.5 9
1774.5 11
1775.5 19
1776.5 14
1777.5 14
1778.5 16
1779.5 10
1780.5 12
1781.5 9
1782.5 4
1783.5 2
1784.5 10
1785.5 7
1786.5 7
1787.5 5
1788.5 8
1789.5 4
1790.5 5
1791.5 6
1792.5 11
1793.5 9
1794.5 8
1795.5 5
1796.5 6
1797.5 7
1798.5 10
1799.5 8
1800.5 4
1801.5 7
1802.5 11
1803.5 12
1804.5 12
1805.5 12
1806.5 15
1807.5 7
1808.5 14
1809.5 5
1810.5 11
1811.5 11
1812.5 11
1813.5 11
1814.5 15
1815.5 17
1816.5 15
1817.5 9
1818.5 14
1819.5 11
1820.5 12
1821.5 8
1822.5 6
1823.5 5
1824.5 10
1825.5 7
1826.5 8
1827.5 5
1828.5 4
1829.5 9
1830.5 5
1831.5 14
1832.5 11
1833.5 10
1834.5 8
1835.5 9
1836.5 10
1837.5 9
1838.5 11
1839.5 13
1840.5 6
1841.5 7
1842.5 6
1843.5 20
1844.5 7
1845.5 12
1846.5 7
1847.5 6
1848.5 4
1849.5 3
1850.5 6
1851.5 3
1852.5 7
1853.5 7
1854.5 1
1855.5 2
1856.5 4
1857.5 3
1858.5 1
1859.5 4
1860.5 4
1861.5 1
1862.5 4
1863.5 4
1864.5 3
1865.5 5
1866.5 6
1867.5 3
1868.5 3
1869.5 3
1871.5 2
1872.5 3
1873.5 1
1874.5 8
1875.5 1
1876.5 6
1877.5 6
1878.5 3
1880.5 3
1881.5 9
1882.5 4
1883.5 5
1884.5 4
1885.5 4
1886.5 4
1887.5 3
1888.5 6
1889.5 1
1890.5 8
1891.5 5
1892.5 7
1893.5 5
1894.5 13
1895.5 4
1896.5 7
1897.5 6
1898.5 5
1899.5 9
1900.5 3
1901.5 5
1902.5 7
1903.5 7
1904.5 10
1905.5 6
1906.5 9
1907.5 7
1908.5 3
1909.5 5
1910.5 6
1911.5 9
1912.5 5
1913.5 7
1914.5 6
1915.5 4
1916.5 4
1917.5 5
1918.5 4
1919.5 3
1920.5 6
1921.5 10
1922.5 9
1923.5 10
1924.5 8
1925.5 11
1926.5 10
1927.5 7
1928.5 7
1929.5 12
1930.5 10
1931.5 18
1932.5 17
1933.5 13
1934.5 12
1935.5 15
1936.5 18
1937.5 16
1938.5 25
1939.5 23
1940.5 20
1941.5 34
1942.5 32
1943.5 32
1944.5 31
1945.5 33
1946.5 44
1947.5 43
1948.5 30
1949.5 34
1950.5 36
1951.5 38
1952.5 25
1953.5 19
1954.5 31
1955.5 32
1956.5 21
1957.5 19
1958.5 22
1959.5 15
1960.5 10
1961.5 12
1962.5 11
1963.5 1
1964.5 5
1965.5 5
1966.5 1
1967.5 2
1968.5 7
1969.5 2
1970.5 2
1971.5 4
1972.5 4
1973.5 3
1974.5 4
1975.5 3
1976.5 3
1977.5 4
1978.5 2
1979.5 2
1980.5 4
1981.5 3
1982.5 4
1983.5 4
1984.5 5
1985.5 3
1986.5 3
1987.5 2
1988.5 3
1989.5 2
1990.5 5
1991.5 3
1992.5 5
1993.5 3
1994.5 1
1995.5 2
1996.5 7
1997.5 4
1998.5 7
1999.5 4
2000.5 11
2001.5 4
2002.5 8
2003.5 4
2004.5 11
2005.5 13
2006.5 10
2007.5 4
2008.5 6
2009.5 9
2010.5 5
2011.5 6
2012.5 10
2013.5 9
2014.5 10
2015.5 15
2016.5 12
2017.5 7
2018.5 12
2019.5 7
2020.5 11
2021.5 9
2022.5 14
2023.5 10
2024.5 16
2025.5 12
2026.5 9
2027.5 16
2028.5 13
2029.5 14
2030.5 12
2031.5 16
2032.5 10
2033.5 11
2034.5 15
2035.5 13
2036.5 13
2037.5 21
2038.5 12
2039.5 17
2040.5 20
2041.5 13
2042.5 15
2043.5 13
2044.5 14
2045.5 15
2046.5 20
2047.5 16
2048.5 15
2049.5 9
2050.5 13
2051.5 21
2052.5 13
2053.5 15
2054.5 6
2055.5 8
2056.5 13
2057.5 8
2058.5 12
2059.5 8
2060.5 9
2061.5 7
2062.5 5
2063.5 3
2064.5 7
2065.5 1
2066.5 8
2067.5 7
2068.5 8
2069.5 4
2070.5 7
2071.5 6
2072.5 5
2073.5 7
2074.5 10
2075.5 7
2076.5 15
2077.5 11
2078.5 6
2079.5 7
2080.5 11
2081.5 11
2082.5 8
2083.5 14
2084.5 14
2085.5 10
2086.5 15
2087.5 10
2088.5 10
2089.5 10
2090.5 21
2091.5 19
2092.5 25
2093.5 21
2094.5 20
2095.5 21
2096.5 19
2097.5 14
2098.5 30
2099.5 30
2100.5 27
2101.5 30
2102.5 35
2103.5 49
2104.5 47
2105.5 43
2106.5 57
2107.5 58
2108.5 48
2109.5 62
2110.5 65
2111.5 72
2112.5 79
2113.5 74
2114.5 67
2115.5 91
2116.5 75
2117.5 97
2118.5 100
2119.5 78
2120.5 76
2121.5 76
2122.5 69
2123.5 74
2124.5 52
2125.5 54
2126.5 48
2127.5 50
2128.5 35
2129.5 59
2130.5 40
2131.5 50
2132.5 33
2133.5 27
2134.5 27
2135.5 21
2136.5 28
2137.5 28
2138.5 20
2139.5 16
2140.5 11
2141.5 8
2142.5 11
2143.5 8
2144.5 6
2145.5 4
2146.5 4
2147.5 7
2148.5 1
2149.5 6
2150.5 2
2151.5 4
2152.5 3
2153.5 2
2154.5 3
2155.5 6
2156.5 5
2157.5 6
2158.5 3
2159.5 3
2160.5 4
2161.5 6
2162.5 3
2163.5 6
2164.5 5
2165.5 4
2166.5 6
2167.5 5
2168.5 5
2169.5 8
2170.5 5
2171.5 8
2172.5 6
2173.5 7
2174.5 6
2175.5 7
2176.5 4
2177.5 7
2178.5 2
2179.5 4
2180.5 3
2181.5 3
2183.5 6
2184.5 2
2185.5 3
2186.5 1
2187.5 2
2188.5 1
2189.5 4
2192.5 3
2193.5 3
2195.5 2
2196.5 3
2197.5 3
2198.5 1
2199.5 3
2200.5 2
2201.5 1
2202.5 1
2203.5 5
2204.5 2
2205.5 3
2206.5 4
2207.5 6
2208.5 3
2209.5 6
2210.5 7
2211.5 2
2212.5 4
2213.5 3
2214.5 5
2215.5 5
2216.5 4
2217.5 7
2218.5 3
2219.5 1
2220.5 4
2221.5 1
2222.5 2
2223.5 3
2224.5 8
2225.5 2
2226.5 1
2227.5 6
2228.5 5
2229.5 8
2230.5 7
2231.5 5
2232.5 3
2233.5 4
2234.5 7
2235.5 6
2236.5 4
2237.5 3
2238.5 3
2239.5 3
2240.5 5
2241.5 4
2242.5 4
2243.5 7
2244.5 3
2245.5 10
2246.5 4
2247.5 5
2248.5 8
2249.5 5
2250.5 5
2251.5 5
2252.5 7
2253.5 7
2254.5 7
2255.5 6
2256.5 10
2257.5 10
2258.5 8
2259.5 5
2260.5 9
2261.5 6
2262.5 5
2263.5 4
2264.5 6
2265.5 7
2266.5 5
2267.5 5
2268.5 3
2269.5 3
2270.5 4
2271.5 5
2272.5 7
2273.5 4
2274.5 3
2275.5 5
2276.5 8
2277.5 5
2278.5 2
2279.5 9
2280.5 7
2281.5 10
2282.5 10
2283.5 6
2284.5 6
2285.5 10
2286.5 13
2287.5 9
2288.5 10
2289.5 3
2290.5 9
2291.5 6
2292.5 9
2293.5 12
2294.5 5
2295.5 9
2296.5 10
2297.5 8
2298.5 9
2299.5 9
2300.5 13
2301.5 15
2302.5 17
2303.5 18
2304.5 13
2305.5 18
2306.5 18
2307.5 22
2308.5 23
2309.5 23
2310.5 24
2311.5 20
2312.5 31
2313.5 35
2314.5 36
2315.5 49
2316.5 50
2317.5 55
2318.5 44
2319.5 69
2320.5 75
2321.5 75
2322.5 86
2323.5 75
2324.5 100
2325.5 102
2326.5 100
2327.5 126
2328.5 113
2329.5 119
2330.5 119
2331.5 122
2332.5 135
2333.5 142
2334.5 111
2335.5 135
2336.5 124
2337.5 90
2338.5 103
2339.5 79
2340.5 77
2341.5 68
2342.5 60
2343.5 34
2344.5 32
2345.5 42
2346.5 35
2347.5 17
2348.5 17
2349.5 7
2350.5 9
2351.5 6
2352.5 4
2353.5 4
2354.5 3
2355.5 2
2356.5 1
2357.5 4
2359.5 2
2361.5 4
2362.5 3
2363.5 2
2364.5 4
2366.5 5
2367.5 1
2368.5 2
2369.5 11
2370.5 4
2371.5 11
2372.5 5
2373.5 3
2374.5 4
2375.5 9
2376.5 7
2377.5 2
2378.5 6
2379.5 8
2380.5 7
2381.5 8
2382.5 8
2383.5 4
2384.5 7
2385.5 16
2386.5 9
2387.5 12
2388.5 19
2389.5 12
2390.5 19
2391.5 22
2392.5 24
2393.5 16
2394.5 21
2395.5 25
2396.5 21
2397.5 21
2398.5 32
2399.5 23
2400.5 29
2401.5 25
2402.5 22
2403.5 19
2404.5 19
2405.5 24
2406.5 25
2407.5 22
2408.5 17
2409.5 18
2410.5 22
2411.5 10
2412.5 11
2413.5 10
2414.5 7
2415.5 7
2416.5 4
2417.5 3
2418.5 1
2419.5 6
2420.5 2
2421.5 3
2422.5 4
2423.5 1
2424.5 3
2425.5 3
2426.5 5
2427.5 1
2428.5 1
2429.5 5
2430.5 2
2431.5 2
2432.5 3
2433.5 1
2434.5 1
2435.5 2
2436.5 1
2437.5 5
2438.5 2
2439.5 2
2440.5 3
2441.5 2
2443.5 1
2446.5 6
2447.5 2
2448.5 2
2449.5 2
2450.5 3
2451.5 1
2452.5 5
2453.5 2
2454.5 1
2455.5 2
2456.5 5
2457.5 3
2458.5 4
2459.5 3
2461.5 1
2462.5 4
2463.5 3
2464.5 1
2465.5 4
2466.5 2
2467.5 4
2469.5 2
2470.5 2
2472.5 3
2473.5 3
2474.5 6
2475.5 1
2476.5 1
2479.5 1
2480.5 1
2482.5 1
2483.5 1
2485.5 1
2486.5 1
2487.5 2
2488.5 1
2489.5 2
2490.5 2
2491.5 1
2493.5 2
2494.5 3
2495.5 2
2496.5 2
2497.5 3
2498.5 4
2500.5 3
2501.5 3
2502.5 1
2503.5 5
2504.5 3
2505.5 1
2507.5 1
2508.5 2
2509.5 3
2511.5 1
2512.5 1
2513.5 1
2515.5 1
2516.5 2
